# time	left pressure 1[N/cm²]	left pressure 2[N/cm²]	left pressure 3[N/cm²]	left pressure 4[N/cm²]	left pressure 5[N/cm²]	left pressure 6[N/cm²]	left pressure 7[N/cm²]	left pressure 8[N/cm²]	left pressure 9[N/cm²]	left pressure 10[N/cm²]	left pressure 11[N/cm²]	left pressure 12[N/cm²]	left pressure 13[N/cm²]	left pressure 14[N/cm²]	left pressure 15[N/cm²]	left pressure 16[N/cm²]	left acceleration X[g]	left acceleration Y[g]	left acceleration Z[g]	left angular X[dps]	left angular Y[dps]	left angular Z[dps]	left total force[N]	left center of pressure X[-0.5...+0.5]	left center of pressure Y[-0.5...+0.5]	right pressure 1[N/cm²]	right pressure 2[N/cm²]	right pressure 3[N/cm²]	right pressure 4[N/cm²]	right pressure 5[N/cm²]	right pressure 6[N/cm²]	right pressure 7[N/cm²]	right pressure 8[N/cm²]	right pressure 9[N/cm²]	right pressure 10[N/cm²]	right pressure 11[N/cm²]	right pressure 12[N/cm²]	right pressure 13[N/cm²]	right pressure 14[N/cm²]	right pressure 15[N/cm²]	right pressure 16[N/cm²]	right acceleration X[g]	right acceleration Y[g]	right acceleration Z[g]	right angular X[dps]	right angular Y[dps]	right angular Z[dps]	right total force[N]	right center of pressure X[-0.5...+0.5]	right center of pressure Y[-0.5...+0.5]
0.00	0.00	0.00	0.00	0.00	0.00	0.00	0.00	0.00	0.00	0.00	0.00	0.00	0.00	0.00	0.00	0.00	0.00	0.00	0.00	0.00	0.00	0.00	0.00	0.00	0.00	0.00	0.00	0.00	0.00	0.00	0.00	0.00	0.00	0.00	0.00	0.00	0.00	0.00	0.00	0.00	0.00	0.00	0.00	0.00	0.00	0.00	0.00	0.00	0.00	0.00
0.10	1.25	0.25	1.50	1.00	1.00	0.25	0.25	0.50	3.00	3.75	4.75	3.00	2.50	5.50	0.00	1.00	-0.251953	0.073242	0.960938	-0.420000	4.060000	-0.840000	276.00	0.155505	-0.024386	9.50	10.00	5.25	8.50	3.75	7.50	0.75	5.00	2.25	2.75	5.25	3.25	2.75	2.50	1.50	2.50	-0.209961	0.075684	0.970703	-2.100000	-3.360000	0.350000	708.00	-0.102924	-0.111720		
0.20	2.25	1.00	1.75	1.50	1.25	0.50	0.25	0.75	3.25	3.75	4.75	4.00	3.25	6.00	0.25	1.25	-0.249512	0.077148	0.950684	-0.630000	3.780000	-0.840000	334.00	0.121118	-0.042579	9.50	9.75	5.25	8.00	3.25	7.00	0.50	4.25	2.00	2.75	5.50	3.25	2.50	2.25	1.25	2.25	-0.210449	0.077148	0.967285	-2.450000	-3.570000	0.280000	669.00	-0.107838	-0.109554		
0.30	2.75	0.00	2.50	1.50	1.00	0.75	0.50	1.25	3.25	4.50	5.00	3.75	3.50	6.50	0.00	1.25	-0.248047	0.081543	0.956543	-0.980000	3.500000	-0.700000	359.00	0.119425	-0.037529	9.25	9.75	5.00	7.50	3.25	6.00	0.50	3.25	1.75	2.50	4.25	2.75	2.00	2.25	0.75	2.25	-0.208984	0.080566	0.965820	-2.170000	-3.990000	0.420000	604.00	-0.124247	-0.099978		
0.40	2.75	0.75	1.75	2.00	1.25	1.00	0.50	1.25	3.00	4.25	5.25	4.25	4.00	7.75	0.25	1.50	-0.252441	0.085938	0.953613	-1.260000	4.760000	-0.980000	387.00	0.120142	-0.052280	9.25	9.50	4.25	6.75	2.75	5.75	0.50	3.00	1.50	2.25	4.25	2.25	1.50	2.00	0.75	2.00	-0.212891	0.074707	0.966309	-1.960000	-3.850000	0.420000	559.00	-0.131095	-0.098430		
0.50	3.25	0.75	2.50	1.75	1.50	0.50	0.75	1.50	3.75	4.75	5.50	4.50	4.25	8.25	0.00	1.50	-0.245117	0.082031	0.953125	-1.330000	4.550000	-0.980000	424.00	0.116693	-0.037149	9.00	9.25	5.00	7.25	2.75	5.50	0.50	2.50	1.50	2.00	3.75	2.25	1.50	2.25	0.75	2.00	-0.208496	0.078613	0.971680	-2.030000	-4.200000	0.420000	552.00	-0.136298	-0.092698		
0.60	1.75	1.25	2.75	2.00	1.50	1.25	0.75	1.50	3.75	5.25	5.75	5.25	5.00	8.50	0.00	1.75	-0.244629	0.083496	0.956055	-1.470000	4.970000	-1.050000	450.00	0.125247	-0.056203	9.00	9.50	4.00	6.50	2.25	5.25	0.25	2.25	1.75	2.25	3.50	2.00	1.50	1.75	1.00	1.75	-0.209473	0.076660	0.961426	-2.100000	-4.200000	0.420000	520.00	-0.137094	-0.093104		
0.70	2.75	1.25	2.50	2.00	1.75	1.50	0.50	1.75	4.00	5.25	6.25	5.25	4.25	8.75	0.00	2.00	-0.248535	0.083008	0.955078	-1.190000	4.620000	-1.050000	467.00	0.116285	-0.051909	9.25	9.50	5.25	7.25	2.50	4.75	0.25	2.00	1.50	1.75	3.00	1.75	1.25	1.75	0.75	1.50	-0.208496	0.075684	0.966309	-2.030000	-4.340000	0.490000	516.00	-0.160001	-0.085606		
0.80	2.25	1.50	2.50	2.50	2.00	1.25	0.75	1.50	4.25	5.50	6.75	5.00	5.00	8.00	0.25	1.50	-0.244629	0.086426	0.952637	-0.840000	3.920000	-0.560000	477.00	0.115013	-0.052976	9.25	9.75	4.00	6.75	2.25	4.50	0.25	1.75	1.50	1.50	2.75	2.00	1.00	1.25	0.50	2.00	-0.203613	0.073242	0.967773	-2.100000	-3.990000	0.490000	484.00	-0.166457	-0.090126		
0.90	3.50	2.25	4.00	4.00	2.50	1.75	0.75	2.00	4.00	5.25	6.25	5.00	5.00	6.00	0.25	1.50	-0.241699	0.085449	0.951172	-1.190000	2.380000	-0.420000	517.00	0.055575	-0.065835	9.25	9.75	4.75	6.75	2.50	4.25	0.25	1.75	1.75	1.75	2.50	1.25	1.00	1.75	0.50	1.25	-0.208008	0.071289	0.957520	-2.030000	-3.780000	0.420000	487.00	-0.170202	-0.075564		
1.00	5.50	3.75	4.25	4.50	2.50	2.00	0.75	2.25	3.75	5.25	6.00	5.25	4.25	5.25	0.00	1.75	-0.237793	0.081055	0.958496	-1.610000	3.150000	-0.630000	546.00	0.015571	-0.067283	9.25	9.50	3.25	6.50	2.00	4.50	0.25	1.50	1.25	1.75	2.75	1.25	1.00	1.25	0.75	1.50	-0.205078	0.069336	0.961426	-1.610000	-3.640000	0.490000	458.00	-0.170816	-0.087652		
1.10	5.00	3.75	3.50	4.00	2.25	2.25	0.50	2.25	3.75	5.00	6.00	5.25	4.75	5.50	0.00	2.25	-0.239746	0.095215	0.950684	-1.400000	5.040000	-1.190000	531.00	0.028911	-0.077038	9.25	9.50	4.50	6.75	2.00	5.25	0.25	1.75	1.25	1.75	2.75	1.50	1.25	1.50	0.25	2.00	-0.205566	0.068848	0.961426	-1.470000	-3.290000	0.490000	488.00	-0.169880	-0.091435		
1.20	4.00	2.50	2.75	4.25	2.50	2.00	0.75	2.25	4.00	5.50	6.25	5.50	5.00	6.00	0.25	1.50	-0.239746	0.085449	0.958496	-1.820000	5.250000	-1.400000	526.00	0.056516	-0.073838	8.75	9.00	4.00	6.00	2.25	4.75	0.25	1.75	1.50	2.00	2.75	2.25	1.00	2.00	0.75	1.50	-0.200684	0.071777	0.966797	-0.910000	-2.660000	0.490000	481.00	-0.145758	-0.084967		
1.30	3.75	2.00	3.50	2.75	2.00	1.50	0.75	2.00	4.25	5.25	6.25	6.00	5.00	6.25	0.25	2.25	-0.236816	0.088379	0.956055	-1.470000	5.530000	-1.470000	510.00	0.077498	-0.065735	9.00	9.00	3.50	6.75	2.75	5.00	0.25	2.25	1.50	1.75	3.25	2.25	1.75	2.00	1.00	1.75	-0.205566	0.074707	0.962402	-1.120000	-1.890000	0.420000	512.00	-0.136648	-0.097436		
1.40	1.75	2.25	2.75	2.75	2.00	1.75	0.75	1.75	3.75	5.25	6.00	5.25	5.00	6.75	0.25	2.00	-0.248047	0.089355	0.959473	-1.400000	5.460000	-1.400000	472.00	0.096622	-0.072261	9.00	9.00	4.25	6.50	2.75	5.25	0.25	2.25	1.50	1.75	3.50	2.00	1.50	1.75	0.50	2.00	-0.213867	0.075195	0.964355	-1.890000	-3.220000	0.420000	512.00	-0.145049	-0.094326		
1.50	4.00	2.00	2.75	3.00	2.00	1.50	0.75	2.25	4.25	5.50	6.50	5.75	5.00	7.75	0.00	1.75	-0.249023	0.086426	0.956055	-1.750000	4.760000	-1.260000	520.00	0.083497	-0.061991	8.00	8.75	4.25	6.50	2.25	5.00	0.25	2.50	1.50	2.00	3.25	2.00	1.50	2.00	1.00	1.50	-0.206055	0.069824	0.962891	-2.030000	-3.570000	0.630000	501.00	-0.133227	-0.097480		
1.60	3.25	1.00	2.50	2.25	1.75	1.75	0.75	1.75	3.75	5.50	6.50	5.75	5.25	8.75	0.25	2.50	-0.243652	0.086914	0.959961	-1.680000	5.250000	-1.330000	497.00	0.114623	-0.061925	8.50	9.00	5.00	6.50	1.50	5.00	0.50	2.25	2.00	1.50	3.25	2.25	1.50	2.00	1.00	1.75	-0.210938	0.070312	0.961914	-2.030000	-3.290000	0.350000	513.00	-0.134453	-0.089705		
1.70	1.50	1.50	2.50	3.00	2.00	1.50	0.75	2.00	4.50	5.50	6.75	6.25	5.50	8.75	0.25	1.75	-0.244141	0.089844	0.955566	-1.680000	5.110000	-1.190000	510.00	0.122687	-0.067607	7.75	8.75	4.00	6.25	2.25	4.50	0.25	2.25	1.75	2.25	3.25	2.00	1.75	2.00	1.00	1.50	-0.212891	0.071289	0.962402	-1.890000	-3.850000	0.420000	492.00	-0.125717	-0.093375		
1.80	3.00	1.50	2.75	2.50	1.75	1.50	0.75	2.25	4.00	6.00	7.50	6.00	5.50	9.25	0.50	2.50	-0.249023	0.084473	0.957031	-1.610000	4.830000	-1.190000	537.00	0.116650	-0.065691	8.00	8.75	4.00	6.25	2.25	4.50	0.25	2.00	1.25	2.00	3.00	2.00	1.25	2.00	0.75	1.50	-0.210449	0.067383	0.958008	-1.750000	-4.410000	0.700000	474.00	-0.141574	-0.092453		
1.90	3.00	1.50	2.25	3.00	2.00	1.75	0.75	2.25	5.00	5.75	7.00	6.00	5.25	8.25	0.00	2.50	-0.240723	0.093262	0.958984	-1.470000	4.480000	-1.120000	532.00	0.108521	-0.063462	8.25	8.50	3.75	6.25	2.25	4.00	0.25	1.75	1.75	1.75	3.25	2.00	1.50	2.00	0.75	1.50	-0.211426	0.072754	0.963867	-1.820000	-4.270000	0.490000	471.00	-0.135520	-0.085795		
2.00	1.75	1.75	2.75	2.75	2.00	1.75	1.00	2.50	4.25	5.50	7.00	6.00	5.75	8.75	0.00	2.75	-0.247559	0.089355	0.956055	-1.330000	4.830000	-1.120000	529.00	0.115360	-0.073738	8.50	9.00	4.00	6.50	2.25	3.50	0.25	1.75	1.50	1.75	3.00	2.00	1.25	1.50	0.75	1.75	-0.212891	0.069336	0.964844	-1.750000	-3.990000	0.420000	468.00	-0.149659	-0.086688		
2.10	3.00	2.00	2.75	3.25	2.00	1.75	1.00	2.25	5.25	6.00	7.75	6.50	5.75	9.25	0.50	2.50	-0.246094	0.086914	0.950195	-1.960000	5.180000	-1.330000	581.00	0.110124	-0.061688	8.00	8.75	3.25	5.75	2.00	3.50	0.25	1.50	0.75	1.75	2.75	1.25	1.25	2.00	0.50	1.50	-0.210449	0.068848	0.966797	-1.680000	-4.060000	0.420000	421.00	-0.158620	-0.088425		
2.20	2.50	1.25	3.25	2.25	2.00	1.50	1.00	2.50	5.00	6.00	7.75	6.50	5.50	10.50	0.50	2.50	-0.245117	0.083008	0.955078	-2.030000	5.390000	-1.400000	571.00	0.128433	-0.055090	8.00	8.50	4.00	5.75	2.25	3.50	0.25	1.50	2.00	1.75	2.75	1.50	1.25	1.50	0.75	1.50	-0.210449	0.063477	0.972168	-1.750000	-3.290000	0.490000	445.00	-0.145059	-0.075391		
2.30	1.00	1.50	2.50	2.75	2.00	1.75	1.00	2.50	5.25	6.50	7.50	6.50	5.75	10.75	0.25	3.25	-0.252441	0.088379	0.956055	-2.240000	4.060000	-1.120000	569.00	0.142743	-0.063211	7.75	8.00	3.50	5.75	1.75	3.00	0.00	1.50	1.75	1.50	2.75	1.50	1.00	2.00	0.75	1.50	-0.210449	0.071777	0.962402	-2.170000	-4.060000	0.420000	417.00	-0.142774	-0.078575		
2.40	3.00	1.75	3.25	2.75	2.25	1.75	1.25	2.25	5.25	6.50	7.75	6.25	5.50	9.50	0.25	2.75	-0.244629	0.083008	0.958008	-2.380000	3.430000	-1.190000	586.00	0.111730	-0.052578	7.25	7.50	3.50	5.75	1.25	3.25	0.00	1.50	1.00	1.75	2.75	1.75	1.00	2.00	0.75	1.25	-0.203613	0.070312	0.958008	-1.400000	-3.360000	0.490000	400.00	-0.143219	-0.090490		
2.50	2.50	2.25	2.75	2.50	2.25	1.75	1.25	2.25	5.25	6.00	7.00	5.75	5.25	9.75	0.75	1.75	-0.247559	0.073730	0.954102	-2.030000	4.130000	-1.120000	561.00	0.115133	-0.049074	7.50	7.75	3.00	5.50	2.25	4.75	0.00	1.75	1.00	1.75	3.00	1.50	1.00	1.75	0.25	1.50	-0.210938	0.070801	0.959961	-0.980000	-3.360000	0.700000	420.00	-0.149854	-0.097452		
2.60	3.00	2.00	3.50	3.50	2.25	1.25	1.00	2.25	5.25	6.00	6.75	5.50	4.50	10.00	0.00	2.00	-0.241211	0.084961	0.958984	-2.380000	4.900000	-1.470000	558.00	0.099212	-0.041976	7.75	7.75	4.50	6.00	1.50	4.25	0.25	2.25	1.75	1.50	3.25	1.75	1.25	1.75	0.50	1.50	-0.214355	0.060059	0.959961	-0.770000	-3.360000	0.560000	456.00	-0.138915	-0.090288		
2.70	3.50	2.50	4.25	2.50	2.25	1.50	1.25	1.50	5.25	6.00	6.25	5.00	5.00	10.25	0.00	2.25	-0.245605	0.082031	0.957031	-2.520000	5.880000	-1.750000	558.00	0.094008	-0.029260	7.50	8.25	3.50	6.25	2.25	5.00	0.25	2.75	1.50	1.50	3.50	2.25	1.50	2.75	0.75	1.50	-0.217773	0.072754	0.970703	-0.210000	-3.150000	0.700000	489.00	-0.120761	-0.102671		
2.80	1.50	1.00	3.25	1.75	2.00	0.25	1.00	1.25	5.50	6.25	6.25	4.50	3.25	12.25	0.50	1.50	-0.245117	0.075684	0.957031	-3.010000	6.720000	-1.960000	490.00	0.157628	0.001330	7.75	8.50	3.75	6.25	2.00	5.50	0.25	2.75	1.75	1.75	3.25	2.00	1.75	2.00	0.50	1.75	-0.211914	0.072266	0.961426	-0.350000	-3.570000	0.910000	494.00	-0.130208	-0.104799		
2.90	0.00	0.00	0.00	0.00	0.50	0.00	0.25	0.00	5.00	5.25	4.50	3.00	1.75	9.00	0.25	1.50	-0.258301	0.077148	0.971191	-2.450000	14.000000	-3.570000	285.00	0.273503	0.037612	9.50	10.50	5.25	9.25	4.00	7.50	0.50	5.25	2.25	2.00	3.75	3.25	3.25	2.50	1.00	2.50	-0.211426	0.080566	0.959961	2.660000	-4.900000	2.800000	700.00	-0.119546	-0.119695		
3.00	0.00	0.00	0.00	0.00	0.00	0.00	0.00	0.00	0.00	0.25	0.00	0.00	0.00	0.00	0.00	0.00	-0.290527	0.073730	1.115234	-25.129999	59.220001	-4.620000	2.00	0.000000	0.000000	11.25	12.25	6.25	10.50	5.50	9.50	0.75	6.25	2.25	2.50	5.00	3.25	3.75	3.25	1.50	2.75	-0.205078	0.081055	0.965820	-1.820000	-5.390000	2.170000	839.00	-0.117117	-0.116945		
3.10	0.00	0.00	0.00	0.00	0.00	0.00	0.00	0.00	0.00	0.00	0.00	0.00	0.00	0.00	0.00	0.00	0.694336	0.715332	0.880371	-26.389999	-15.540000	214.899994	0.00	0.000000	0.000000	10.50	11.25	6.25	10.00	5.50	9.00	1.00	6.00	3.50	2.50	4.50	3.25	4.25	3.75	1.00	2.50	-0.204590	0.077637	0.964355	-3.150000	-3.780000	0.840000	826.00	-0.105086	-0.107209		
3.20	0.00	0.00	0.00	0.00	0.00	0.00	0.00	0.00	0.00	0.00	0.00	0.00	0.00	0.00	0.00	0.00	-0.539551	0.390625	0.835938	-21.070000	-83.160004	48.720001	0.00	0.000000	0.000000	11.00	12.00	6.75	10.00	5.50	9.25	1.25	6.00	3.75	2.75	5.00	4.00	4.50	4.25	1.50	2.50	-0.206543	0.083496	0.963867	-1.750000	-3.430000	-0.000000	876.00	-0.096943	-0.103635		
3.30	0.00	0.00	0.00	0.00	0.00	0.00	0.00	0.00	0.00	0.00	0.00	0.00	0.00	0.00	0.00	0.00	-1.462402	-0.071289	0.435547	-26.180000	62.860001	132.160004	0.00	0.000000	0.000000	9.75	10.25	6.00	9.00	5.75	9.00	1.00	6.00	3.75	2.50	5.00	4.00	4.25	5.00	1.75	2.25	-0.210938	0.082031	0.966797	-2.590000	-1.610000	-0.980000	831.00	-0.080959	-0.103574		11.00
3.40	6.25	1.75	5.00	2.25	1.25	1.00	0.25	0.75	1.25	5.25	4.75	2.00	1.50	9.50	0.25	0.50	-0.296875	0.156738	1.034668	0.070000	5.950000	-9.310000	405.00	0.028919	0.003181	2.25	1.25	1.50	1.75	1.50	5.00	1.00	4.25	3.50	2.50	5.00	4.00	3.75	5.00	1.75	2.50	-0.227539	0.083008	0.989258	-1.820000	7.210000	-2.870000	453.00	0.081059	-0.111583		
3.50	7.25	6.75	7.75	7.25	5.25	5.25	2.25	5.00	6.50	7.50	7.50	6.75	7.25	19.25	1.50	2.00	-0.239258	0.080566	0.977051	-7.210000	3.780000	-1.400000	1002.00	0.042009	-0.047807	0.00	0.50	0.00	0.00	0.00	0.00	0.00	0.00	0.00	1.00	0.00	0.00	0.00	0.25	0.00	0.00	-0.197266	0.080566	1.219727	-3.080000	65.169998	-12.670000	16.00	0.000000	0.000000		
3.60	5.00	3.00	3.75	4.75	3.25	2.25	2.25	4.00	7.50	9.25	8.75	8.00	7.50	23.25	2.25	3.50	-0.240234	0.067871	0.956055	-1.680000	12.040000	-2.520000	920.00	0.130748	-0.032112	0.00	0.50	0.00	0.25	0.00	0.25	0.00	0.00	0.00	0.00	0.00	0.00	0.00	0.00	0.00	0.00	0.548828	-0.137207	0.987305	-25.410000	-121.800003	-67.830002	9.00	0.000000	0.000000		
3.70	3.75	0.25	3.50	2.25	2.75	1.25	2.00	3.00	8.00	9.75	9.25	7.50	6.75	25.00	4.50	2.00	-0.249512	0.065918	0.958984	-3.080000	7.350000	-2.660000	858.00	0.184434	-0.006983	0.00	0.00	0.00	0.00	0.00	0.00	0.00	0.00	0.00	0.00	0.00	0.00	0.00	0.00	0.00	0.00	-0.652832	0.283203	0.647461	17.500000	-2.450000	102.620003	0.00	0.000000	0.000000		
3.80	0.75	0.75	3.50	1.25	2.25	1.50	1.75	1.75	7.50	8.75	8.75	7.00	5.75	23.75	3.75	2.75	-0.256348	0.055664	0.963379	-0.770000	8.540000	-2.520000	754.00	0.209696	-0.001922	3.50	4.50	1.00	2.75	0.75	2.00	0.00	0.75	1.00	0.75	0.50	0.50	0.25	2.75	0.25	0.25	0.110840	-0.017090	1.025391	19.530001	27.230000	-5.740000	203.00	-0.130268	-0.064042		
3.90	0.00	0.50	1.00	0.75	1.00	0.00	0.50	0.00	4.75	4.50	3.25	2.00	1.25	16.00	2.00	0.75	-0.262207	0.050293	0.959961	-0.700000	11.830000	-3.780000	347.00	0.262510	0.071151	5.75	5.75	2.75	5.00	2.25	5.00	1.25	5.00	6.50	2.25	3.25	2.25	3.25	9.00	2.00	2.00	-0.234375	0.054688	0.960938	0.350000	0.070000	-6.160000	618.00	0.012417	-0.060853		
4.00	0.00	0.00	0.00	0.00	0.00	0.00	0.00	0.00	0.25	0.75	0.75	0.00	0.00	6.00	0.25	1.25	-0.276367	0.068848	0.949219	-1.330000	16.030001	-1.120000	73.00	0.366521	0.090888	7.75	8.25	4.25	6.75	4.25	7.50	2.00	6.50	7.75	3.00	4.50	5.00	5.50	10.25	2.50	3.25	-0.212402	0.075684	0.967773	2.240000	-6.370000	-1.400000	867.00	0.001736	-0.076621		
4.10	0.00	0.00	0.00	0.00	0.00	0.00	0.00	0.00	0.25	0.25	0.00	0.00	0.50	0.50	0.00	0.00	-0.286621	0.048340	0.957031	-5.810000	11.900000	-7.490000	13.00	0.000000	0.000000	8.25	8.50	4.75	7.75	5.00	9.25	2.25	7.50	8.00	3.00	5.00	5.75	6.25	10.25	2.75	3.50	-0.205078	0.071777	0.966309	0.910000	-4.060000	0.210000	956.00	-0.003352	-0.085972		15.00
4.20	0.00	0.00	0.00	0.00	0.00	0.00	0.00	0.00	0.00	0.00	0.00	0.00	0.00	3.00	0.00	0.00	-0.326172	0.074707	0.937988	-10.780000	21.559999	-18.969999	23.00	0.000000	0.000000	8.50	8.50	5.25	7.50	5.00	9.50	2.00	7.25	7.75	3.00	5.00	5.75	6.25	10.00	2.50	3.75	-0.203613	0.075195	0.953613	-1.750000	-4.270000	0.700000	950.00	-0.007912	-0.086739		
4.30	0.00	0.00	0.00	0.00	0.00	0.00	0.00	0.00	0.00	0.00	0.00	0.00	0.00	4.75	0.00	0.00	-0.328125	-0.005859	0.910645	-3.710000	14.630000	-29.610001	37.00	0.000000	0.000000	9.25	9.50	6.00	8.25	5.00	9.00	1.25	7.00	6.25	2.50	4.75	5.00	5.75	8.50	1.75	3.50	-0.211426	0.072266	0.957520	-0.420000	-6.510000	1.120000	905.00	-0.038481	-0.094914		
4.40	0.00	0.00	0.00	0.00	0.00	0.00	0.00	0.00	0.00	0.00	0.00	0.00	0.00	5.00	0.00	0.00	-0.321289	-0.023926	0.917480	0.070000	7.210000	-14.210000	39.00	0.000000	0.000000	10.00	10.00	6.25	9.00	5.00	9.75	1.00	7.25	5.50	2.25	4.00	5.00	5.50	7.25	2.25	3.00	-0.201660	0.079102	0.959961	0.630000	-6.370000	1.260000	906.00	-0.056890	-0.103481		
4.50	0.00	0.00	0.00	0.00	0.00	0.00	0.00	0.00	0.25	0.00	0.00	0.00	0.00	6.00	0.00	0.00	-0.348145	0.011719	0.919922	3.570000	6.650000	-0.980000	50.00	0.000000	0.000000	10.00	10.25	6.00	9.00	5.00	10.25	1.00	7.25	5.75	2.25	4.25	5.00	5.75	7.25	2.00	3.00	-0.200684	0.080078	0.967773	-0.350000	-4.270000	0.770000	916.00	-0.056621	-0.104717		
4.60	0.00	0.00	0.00	0.00	0.00	0.00	0.00	0.00	0.00	0.50	0.00	0.00	0.00	7.50	0.00	0.00	-0.346680	0.020508	0.923340	0.350000	4.200000	-3.500000	63.00	0.400217	0.169334	10.00	10.25	5.75	9.25	4.75	10.25	0.75	7.25	5.25	1.75	3.75	4.25	5.75	7.25	2.25	2.75	-0.204102	0.081543	0.966309	-0.280000	-4.340000	0.210000	888.00	-0.063726	-0.108936		11.00
4.70	0.00	0.00	0.00	0.00	0.00	0.00	0.00	0.00	0.25	0.75	0.00	0.00	0.00	7.75	0.00	0.00	-0.349121	0.014648	0.925781	2.240000	4.690000	0.280000	71.00	0.389095	0.170470	10.50	11.25	6.00	9.75	4.75	10.25	0.75	7.25	5.25	1.75	3.50	4.50	5.25	6.50	1.75	3.00	-0.199707	0.077148	0.969238	-1.330000	-4.550000	0.280000	895.00	-0.076819	-0.109624		
4.80	0.00	0.00	0.00	0.00	0.00	0.00	0.00	0.00	0.50	0.75	0.00	0.00	0.00	8.00	0.00	0.00	-0.351074	0.024902	0.918457	7.770000	-3.290000	-2.660000	76.00	0.384453	0.174775	11.50	11.50	6.75	10.00	4.25	10.25	0.50	7.00	4.50	2.00	3.50	3.75	5.25	6.00	1.75	3.00	-0.198242	0.084473	0.962402	-1.120000	-4.830000	0.350000	887.00	-0.090933	-0.110450		
4.90	0.00	0.00	0.00	0.00	0.00	0.00	0.00	0.00	0.75	1.25	0.25	0.00	0.00	7.75	0.00	0.00	-0.323730	0.047363	0.934082	11.200000	-15.400000	-1.820000	84.00	0.366503	0.163655	11.75	12.25	6.00	10.00	4.00	10.00	0.25	6.50	3.25	2.50	3.25	4.00	4.75	5.50	1.75	2.25	-0.190918	0.082031	0.963379	-0.630000	-4.830000	0.560000	851.00	-0.103526	-0.116315		
5.00	0.00	0.00	0.00	0.00	0.00	0.00	0.00	0.25	0.25	1.00	0.50	0.25	0.25	8.00	0.00	0.00	-0.282715	0.062012	0.961426	6.090000	-19.670000	0.630000	88.00	0.350742	0.102532	11.50	12.25	6.25	10.00	4.00	9.25	0.25	6.25	3.50	1.50	2.75	3.50	4.00	5.25	1.75	2.00	-0.190430	0.088867	0.964844	-2.030000	-4.480000	0.700000	815.00	-0.113537	-0.111192		
5.10	1.50	0.50	0.75	0.75	0.25	0.00	0.00	0.00	0.00	1.50	0.25	0.50	0.75	6.50	0.25	0.00	-0.230957	0.072754	0.964355	1.470000	-4.760000	1.330000	117.00	0.136582	0.045089	11.50	11.75	5.50	9.25	3.50	8.00	0.25	5.25	2.75	1.50	1.75	2.25	2.75	4.75	1.25	2.00	-0.193848	0.082520	0.966797	-3.780000	-4.130000	0.770000	715.00	-0.134482	-0.103312		
5.20	8.25	6.00	5.75	6.25	1.25	1.25	0.25	0.50	0.25	0.25	0.25	0.25	0.75	5.75	0.25	0.00	-0.206055	0.082031	0.954102	1.120000	-1.120000	-0.350000	349.00	-0.190652	-0.023631	10.75	11.00	5.25	8.50	3.00	6.25	0.25	4.25	3.00	1.00	1.75	2.00	1.50	4.25	1.25	1.25	-0.187988	0.083008	0.973145	-4.550000	-3.500000	0.910000	633.00	-0.141942	-0.088285		
5.30	11.00	9.75	8.50	10.00	2.00	4.50	0.25	1.75	0.00	1.25	1.50	2.25	3.50	8.00	0.00	0.00	-0.210938	0.088867	0.953613	2.450000	-0.140000	-1.470000	604.00	-0.159320	-0.075948	0.50	0.00	0.75	0.25	0.75	0.00	0.25	0.00	3.00	0.75	1.00	0.00	0.00	3.75	0.50	0.50	-0.183594	0.076172	0.976562	-10.710000	4.760000	0.140000	115.00	0.197301	0.131733		
5.40	13.50	12.75	11.00	14.50	3.50	7.75	0.25	5.75	0.75	3.25	3.50	4.75	7.75	10.50	0.25	0.50	-0.222656	0.104980	0.975586	4.760000	2.590000	-0.350000	957.00	-0.116747	-0.108638	0.00	0.50	0.00	0.00	0.00	0.00	0.00	0.00	0.00	0.00	0.00	0.00	0.00	0.00	0.00	0.00	0.308594	0.595215	1.351562	-89.110001	-6.790000	47.599998	4.00	0.000000	0.000000		
5.50	11.75	11.75	9.50	12.25	2.25	7.00	0.25	5.00	0.25	3.50	2.50	3.75	6.50	8.25	0.50	0.00	-0.219238	0.096191	0.951172	-2.730000	5.530000	-2.380000	813.00	-0.125606	-0.111622	2.00	2.50	0.00	0.50	0.00	0.00	0.00	0.00	0.00	0.00	0.00	0.00	0.00	0.00	0.00	0.00	-2.638672	-1.112793	0.736816	-1.540000	-6.650000	76.720001	45.00	0.000000	0.000000		
5.60	7.75	7.50	5.75	7.25	1.50	2.50	0.00	1.25	0.25	2.75	1.25	2.00	3.00	6.50	0.50	0.00	-0.230957	0.081543	0.957031	-7.910000	8.400000	-2.800000	465.00	-0.123646	-0.071618	9.75	10.00	2.75	6.00	1.50	1.00	0.00	0.75	1.75	0.50	0.00	0.00	0.25	2.50	0.25	0.00	-0.176758	0.047363	0.991211	7.070000	24.570000	0.210000	350.00	-0.242140	-0.035560		
5.70	8.25	7.75	5.50	8.00	1.75	3.50	0.25	1.75	0.50	2.75	2.00	1.50	3.25	6.75	0.25	0.00	-0.232422	0.076172	0.957520	-2.380000	5.390000	-0.700000	507.00	-0.122108	-0.075912	9.75	9.75	3.50	6.75	2.50	2.25	0.25	1.75	4.50	0.75	0.25	0.00	0.25	4.00	0.50	0.75	-0.200195	0.052734	0.980957	-5.530000	-0.280000	0.560000	458.00	-0.162198	-0.023703		
5.80	9.50	9.25	7.00	9.75	0.75	5.25	0.25	3.50	1.00	4.25	2.25	3.75	5.25	6.75	0.50	0.00	-0.240723	0.091797	0.963379	0.630000	3.640000	-0.280000	659.00	-0.104773	-0.103969	8.50	7.50	3.25	5.75	2.00	2.50	0.25	1.25	3.00	1.50	0.25	0.00	0.25	3.25	0.50	0.75	-0.208496	0.048340	0.981934	-3.220000	-2.800000	-0.210000	389.00	-0.162246	-0.027652		
5.90	10.00	10.00	7.50	11.00	1.25	5.75	0.25	4.00	0.50	5.00	3.25	3.00	5.50	6.50	0.25	0.25	-0.232422	0.086914	0.956543	-0.490000	4.340000	-0.980000	707.00	-0.113419	-0.108638	7.75	8.00	3.25	5.00	1.75	1.75	0.25	0.50	3.25	0.25	0.00	0.00	0.00	2.50	0.50	0.00	-0.173828	0.044434	0.966797	-0.770000	-5.740000	0.560000	335.00	-0.193883	-0.009458		
6.00	10.25	9.50	7.50	10.25	1.50	6.00	0.25	3.50	1.50	5.00	3.25	3.75	5.75	7.00	0.25	0.00	-0.231934	0.077637	0.952637	-2.800000	5.600000	-2.030000	719.00	-0.099714	-0.098180	7.50	7.25	3.00	5.00	2.00	1.75	0.25	1.00	4.00	1.00	0.00	0.00	0.00	2.75	0.50	0.50	-0.187012	0.051758	0.970703	-2.870000	0.000000	0.420000	354.00	-0.156494	-0.007611		
6.10	8.50	8.25	5.75	8.50	1.50	5.00	0.25	4.50	1.50	4.75	4.25	4.50	6.25	7.25	0.50	0.25	-0.235352	0.083496	0.961914	-2.660000	6.160000	-2.590000	685.00	-0.063524	-0.111778	6.75	6.75	3.00	4.50	2.25	1.50	0.75	0.75	4.75	0.50	0.25	0.00	0.25	5.00	0.75	0.75	-0.191895	0.046387	0.972168	-2.590000	0.770000	0.210000	371.00	-0.102259	0.015481		
6.20	7.25	6.50	6.25	8.25	1.75	4.75	0.50	4.25	2.25	5.25	4.75	5.25	6.75	9.50	0.50	0.00	-0.241211	0.081055	0.954102	-3.290000	5.040000	-2.380000	707.00	-0.027328	-0.098422	6.75	6.50	3.50	4.50	3.00	2.00	1.00	1.75	6.25	1.25	0.50	0.25	0.50	5.50	1.75	1.50	-0.207520	0.045898	0.976074	-2.030000	-0.490000	-0.070000	453.00	-0.056071	0.007164		
6.30	8.00	6.50	5.75	8.00	1.25	5.25	0.00	4.75	2.50	5.25	5.00	5.50	6.75	9.50	0.75	0.50	-0.235840	0.087402	0.955566	-0.280000	3.780000	-1.400000	719.00	-0.023900	-0.105595	7.25	6.50	3.75	4.75	3.00	2.25	1.00	1.75	6.00	1.25	0.50	0.00	0.50	5.75	1.75	1.50	-0.207031	0.039551	0.971191	-2.590000	-1.050000	0.280000	462.00	-0.063987	0.006465		
6.40	7.75	6.50	6.00	7.75	1.50	5.25	0.25	4.25	1.75	4.50	3.50	4.75	6.25	8.25	0.75	0.00	-0.240234	0.087891	0.956543	-1.610000	4.690000	-1.120000	662.00	-0.046108	-0.105612	7.25	6.50	2.75	5.00	2.75	1.50	0.75	1.50	5.25	1.00	0.25	0.00	0.00	5.25	1.50	1.50	-0.208984	0.042480	0.973633	-0.420000	-5.250000	1.120000	413.00	-0.079961	0.007060		
6.50	8.25	7.25	6.25	8.00	1.25	4.25	0.25	3.25	1.25	4.25	3.25	4.50	5.50	7.25	0.25	0.25	-0.236816	0.084473	0.956055	-1.820000	3.920000	-0.840000	621.00	-0.069825	-0.100124	7.75	7.50	3.25	5.00	1.75	1.00	0.50	0.75	3.00	0.25	0.25	0.00	0.25	4.25	0.75	1.00	-0.207520	0.041992	0.964844	-0.910000	-4.060000	0.700000	353.00	-0.151068	-0.006531		
6.60	8.50	7.25	6.25	8.25	1.25	4.25	0.25	2.75	0.75	3.25	2.00	2.75	5.00	6.25	0.50	0.00	-0.232422	0.086426	0.957031	-1.470000	3.850000	-0.560000	564.00	-0.103505	-0.097500	8.00	8.50	3.50	5.25	2.00	1.75	0.25	0.50	3.00	0.25	0.00	0.00	0.00	2.75	0.75	0.75	-0.201172	0.039551	0.968262	-0.700000	-7.840000	0.980000	354.00	-0.189124	-0.015918		
6.70	8.50	7.50	6.25	8.00	1.00	3.75	0.25	2.25	0.75	3.25	3.00	3.50	4.25	5.75	0.25	0.00	-0.236328	0.083008	0.962891	-0.770000	4.550000	-1.050000	553.00	-0.103512	-0.093611	8.50	9.00	3.50	5.75	2.00	0.75	0.25	0.50	2.50	0.00	0.00	0.00	0.00	2.00	0.75	0.50	-0.191406	0.044922	0.963867	-1.120000	-5.110000	0.630000	343.00	-0.220425	-0.019482		
6.80	8.00	7.25	5.75	8.00	1.00	4.25	0.25	2.75	0.75	2.75	3.50	3.50	5.00	6.50	0.25	0.25	-0.236328	0.086426	0.955078	-0.840000	5.040000	-1.400000	567.00	-0.088555	-0.104992	8.50	8.50	3.25	5.25	2.00	1.25	0.25	0.00	2.75	0.75	0.00	0.00	0.00	3.00	0.75	0.50	-0.197754	0.046387	0.972656	-1.610000	-2.380000	0.210000	347.00	-0.192101	-0.003022		
6.90	7.75	7.50	6.00	8.00	1.25	5.25	0.25	3.00	0.75	3.50	3.00	4.00	5.75	6.75	0.25	0.00	-0.233887	0.082520	0.951660	-1.120000	4.550000	-1.190000	599.00	-0.082910	-0.110627	7.50	7.25	2.50	5.25	1.75	1.75	0.25	0.75	2.50	0.50	0.00	0.00	0.25	2.75	0.75	0.50	-0.188965	0.049316	0.971680	-2.100000	-3.850000	0.350000	327.00	-0.179868	-0.027079		
7.00	8.25	7.00	6.00	8.00	1.00	4.00	0.00	3.50	1.00	3.75	3.75	4.00	5.50	6.75	0.00	0.25	-0.233887	0.089844	0.961914	-1.120000	4.410000	-1.120000	597.00	-0.076801	-0.107979	7.25	7.00	2.50	4.50	1.75	0.75	0.25	0.75	3.00	0.50	0.00	0.00	0.00	3.00	0.75	0.50	-0.194336	0.042969	0.970215	-2.310000	-3.150000	-0.070000	311.00	-0.164967	-0.004646		
7.10	8.00	7.25	6.00	7.75	1.25	5.25	0.25	4.00	1.00	4.25	4.00	4.75	5.75	6.75	0.00	0.50	-0.228516	0.087891	0.949707	-1.120000	4.480000	-1.470000	637.00	-0.067610	-0.114633	6.75	6.00	2.25	3.00	1.75	0.75	0.25	0.50	3.25	0.25	0.00	0.00	0.00	3.25	0.75	0.50	-0.207520	0.040527	0.968262	-2.170000	-2.730000	0.140000	279.00	-0.142617	0.017805		
7.20	8.00	7.00	6.00	8.25	1.25	5.50	0.25	4.50	1.25	4.25	4.00	5.25	7.00	7.50	0.50	0.75	-0.238770	0.091797	0.959961	-1.120000	4.620000	-1.540000	679.00	-0.052726	-0.120982	5.50	5.25	2.25	2.25	1.50	0.50	0.50	0.75	4.25	1.00	0.00	0.00	0.00	4.00	1.00	0.75	-0.201660	0.044434	0.964844	-2.660000	-1.470000	-0.140000	284.00	-0.072834	0.037381		
7.30	6.75	5.75	5.50	6.75	1.00	4.75	0.25	4.75	1.25	4.75	4.75	5.25	7.00	8.00	0.75	0.50	-0.242188	0.089355	0.954102	-1.680000	6.720000	-2.380000	647.00	-0.022651	-0.120371	5.25	5.50	2.25	2.00	2.00	0.50	0.50	0.75	4.75	0.50	0.00	0.00	0.25	5.25	1.00	1.00	-0.214355	0.037598	0.966797	-2.590000	-0.560000	0.070000	301.00	-0.050958	0.042068		
7.40	5.00	3.00	3.50	5.25	1.00	3.50	0.25	4.00	1.75	5.25	5.00	5.75	7.50	10.25	1.00	1.00	-0.233887	0.090332	0.958984	-1.680000	9.310000	-3.500000	594.00	0.046255	-0.111661	5.25	4.50	1.25	1.75	0.75	0.00	0.50	0.50	5.00	0.25	0.50	0.00	0.00	5.25	1.25	0.50	-0.217773	0.035645	0.960938	-2.310000	-4.200000	0.140000	262.00	-0.019045	0.065948		
7.50	5.50	2.75	3.75	5.00	0.75	2.25	0.00	4.00	2.50	5.50	5.25	6.75	7.00	13.00	1.00	1.25	-0.246094	0.084473	0.945801	-2.030000	8.260000	-3.570000	620.00	0.068468	-0.092720	6.00	6.50	2.50	2.25	1.75	0.00	0.50	0.50	4.25	0.00	0.00	0.00	0.00	4.75	1.00	0.00	-0.213379	0.036621	0.958984	-2.730000	-10.780000	0.770000	289.00	-0.098397	0.048850		
7.60	5.50	3.50	3.75	4.75	1.25	3.25	0.25	4.00	2.50	5.50	5.25	6.50	7.50	14.75	1.25	1.25	-0.244141	0.082520	0.959473	-3.150000	5.950000	-3.080000	660.00	0.068918	-0.088546	6.25	5.25	2.00	2.50	2.25	0.25	1.25	0.50	5.75	1.25	0.75	0.25	0.00	7.00	1.50	1.00	-0.226562	0.032715	0.972168	-4.340000	-1.120000	-0.840000	363.00	-0.010750	0.062179		
7.70	5.25	3.75	5.00	5.25	1.00	3.75	0.25	4.50	2.50	5.50	6.00	7.00	7.75	14.75	1.50	1.50	-0.241699	0.077637	0.952148	-1.680000	4.060000	-1.470000	705.00	0.063299	-0.095146	5.50	5.25	3.00	1.50	2.00	0.00	1.50	0.50	6.25	1.00	0.75	0.00	0.00	7.00	2.00	1.00	-0.221680	0.026367	0.968750	-2.520000	-0.070000	-0.420000	360.00	0.007044	0.078062		
7.80	5.00	3.00	2.75	4.25	1.00	2.75	0.25	3.75	2.25	5.25	6.00	7.00	7.25	14.75	1.75	1.00	-0.245605	0.086426	0.957031	-1.750000	5.530000	-1.120000	633.00	0.089845	-0.091282	5.25	5.00	2.00	1.75	2.00	0.00	1.25	0.50	5.75	1.25	0.50	0.00	0.00	6.50	1.75	0.50	-0.213867	0.025391	0.964355	-0.490000	-2.730000	0.630000	330.00	0.003279	0.075713		
7.90	5.00	2.75	4.00	4.25	1.25	2.50	0.25	3.75	2.50	5.50	5.50	6.50	7.00	15.00	1.75	0.25	-0.248047	0.077148	0.955078	-2.450000	6.160000	-0.910000	636.00	0.083064	-0.078764	5.75	5.25	2.50	1.75	2.00	0.00	1.00	0.25	5.50	1.25	0.00	0.00	0.00	7.00	1.75	1.00	-0.219727	0.029297	0.963379	-1.330000	-3.290000	0.350000	333.00	-0.007905	0.077240		
8.00	5.25	3.25	3.50	4.75	1.50	2.25	0.50	3.25	3.25	6.00	6.25	6.25	6.50	16.50	1.50	1.75	-0.250000	0.071777	0.955566	-3.850000	5.460000	-1.400000	670.00	0.090854	-0.064586	5.75	5.50	2.75	2.25	2.50	0.50	1.25	0.50	6.00	1.50	0.50	0.00	0.00	7.50	2.00	0.75	-0.211914	0.035645	0.958008	-2.730000	-3.290000	-0.070000	378.00	-0.003824	0.066262		
8.10	5.50	2.50	3.50	4.25	1.25	2.25	1.00	3.00	3.25	6.75	6.50	6.75	6.50	20.25	2.00	1.00	-0.249023	0.071777	0.956055	-4.200000	6.370000	-1.680000	707.00	0.114434	-0.046989	5.75	5.00	2.50	1.50	2.75	0.00	1.75	0.75	7.00	1.25	1.25	0.25	0.25	9.00	2.25	1.50	-0.217285	0.022461	0.970703	-1.400000	-2.030000	-0.560000	411.00	0.039504	0.074067		
8.20	4.25	2.50	1.00	3.50	1.00	1.50	0.75	2.75	4.50	7.25	6.50	6.25	6.25	19.75	2.75	1.50	-0.257812	0.074707	0.953613	-2.520000	7.280000	-1.330000	664.00	0.153203	-0.042193	5.50	3.75	2.00	0.50	2.00	0.50	1.75	1.00	7.50	1.75	2.50	0.50	0.25	9.50	2.00	1.75	-0.220215	0.024902	0.960449	-1.190000	-2.310000	0.630000	412.00	0.079945	0.075030		
8.30	3.75	2.75	2.75	3.50	1.00	1.50	1.00	3.25	5.00	7.50	6.50	6.25	6.50	19.50	2.50	0.75	-0.251465	0.069824	0.956543	-1.680000	5.180000	-1.050000	692.00	0.140929	-0.039403	3.75	2.25	1.25	0.50	2.25	0.00	1.50	0.50	7.25	1.25	1.50	0.25	0.25	8.50	2.25	1.75	-0.217285	0.027832	0.966797	-0.910000	-3.010000	0.700000	337.00	0.119694	0.097976		
8.40	4.50	2.25	2.50	3.75	1.25	1.50	0.75	3.25	3.75	7.75	6.25	6.75	6.50	18.25	2.25	1.25	-0.255859	0.067871	0.951660	-0.420000	3.290000	-0.980000	674.00	0.131823	-0.051485	3.50	2.00	1.50	1.25	2.00	0.50	1.50	0.50	6.75	1.50	1.50	0.50	0.00	7.75	2.00	1.25	-0.226074	0.034180	0.965820	0.140000	-4.550000	0.980000	331.00	0.102023	0.086945		
8.50	4.75	1.75	2.50	3.25	0.50	1.50	0.50	2.50	4.25	7.50	6.25	6.50	6.75	18.00	2.75	1.25	-0.253906	0.067871	0.948242	-1.330000	4.340000	-1.750000	652.00	0.143986	-0.044951	2.25	1.00	0.75	0.50	1.00	0.50	0.75	0.75	5.50	0.75	1.25	0.00	0.00	6.00	1.75	1.25	-0.221680	0.031738	0.962891	1.610000	-5.040000	0.420000	233.00	0.141094	0.087050		
8.60	3.50	1.75	1.75	2.50	0.25	1.25	0.25	2.50	3.25	7.25	5.75	6.50	7.00	17.75	3.00	0.75	-0.259766	0.078613	0.942383	-1.120000	6.580000	-1.470000	597.00	0.164342	-0.056046	0.75	1.50	1.00	0.75	0.75	1.00	0.50	0.75	4.75	1.00	1.00	0.00	0.25	5.50	1.50	1.00	-0.213379	0.041504	0.963379	0.980000	-5.040000	-0.700000	213.00	0.139995	0.057840		
8.70	3.25	1.50	1.75	2.00	0.50	0.75	0.50	1.25	3.75	6.50	5.50	5.50	5.50	17.00	2.50	1.25	-0.254395	0.080566	0.955078	-3.430000	9.660000	-1.400000	538.00	0.174929	-0.027249	3.00	1.75	1.00	1.75	1.00	1.00	0.50	1.25	4.00	0.75	0.75	0.25	0.50	4.75	1.25	1.00	-0.219238	0.041992	0.966797	1.330000	-3.500000	-1.400000	238.00	0.046429	0.019461		
8.80	2.50	0.25	1.50	2.00	0.75	0.25	0.50	1.00	3.75	6.50	5.00	4.50	3.00	17.25	2.00	0.00	-0.258789	0.073242	0.960938	-3.150000	7.070000	-1.190000	468.00	0.197818	0.009158	3.00	3.75	0.75	1.75	0.75	2.00	0.50	2.00	4.50	1.00	1.00	0.75	0.50	5.50	1.50	1.25	-0.220215	0.047852	0.964844	-0.350000	-1.890000	-1.890000	295.00	0.036873	-0.016292		
8.90	1.00	0.00	0.50	1.00	0.25	0.00	0.50	0.50	2.75	5.50	4.75	4.25	2.00	17.75	2.00	0.00	-0.262695	0.062500	0.952637	-2.380000	5.740000	-1.750000	387.00	0.257939	0.023286	4.50	3.75	1.25	2.25	1.50	2.75	0.75	3.00	5.50	1.25	1.25	1.25	1.50	7.00	2.00	1.75	-0.223145	0.047363	0.966309	-0.070000	-1.750000	-2.170000	401.00	0.036536	-0.027867		
9.00	1.00	0.00	1.25	0.75	0.50	0.00	0.25	1.00	3.50	4.75	4.50	3.50	3.00	18.00	2.50	0.00	-0.270020	0.065918	0.951660	-1.750000	3.640000	-1.470000	405.00	0.248095	0.018610	5.25	4.25	1.50	2.50	2.00	4.00	1.00	3.75	5.75	1.25	2.00	2.00	2.25	7.50	2.25	2.00	-0.225586	0.047363	0.965820	-0.140000	-2.170000	-0.490000	479.00	0.029638	-0.047076		
9.10	0.75	0.00	0.75	0.75	0.25	0.00	0.25	0.00	2.25	4.50	4.50	3.00	2.75	15.75	2.00	0.25	-0.263184	0.063477	0.957031	-1.330000	4.060000	-1.750000	336.00	0.264311	0.021118	7.00	6.00	2.50	5.50	2.00	5.50	1.00	5.00	5.00	1.50	2.00	3.00	3.50	7.25	2.25	2.00	-0.215332	0.058105	0.965820	1.680000	-4.760000	-0.210000	594.00	-0.019017	-0.084242		
9.20	0.75	0.00	0.50	1.00	0.50	0.00	0.25	0.25	1.50	3.25	2.75	2.00	2.00	13.75	2.00	0.00	-0.269043	0.058105	0.952148	-1.750000	4.900000	-1.050000	271.00	0.255849	0.025941	8.00	7.50	3.50	6.00	3.00	6.25	0.75	5.75	5.00	1.25	3.00	3.75	3.75	7.50	2.25	2.50	-0.212891	0.057129	0.958496	1.960000	-4.410000	-1.050000	677.00	-0.032786	-0.092266		
9.30	0.00	0.00	0.50	0.50	0.00	0.00	0.00	0.00	1.25	2.25	2.25	0.50	1.25	12.00	1.25	0.00	-0.266113	0.062012	0.961914	-3.290000	7.350000	-2.310000	189.00	0.304234	0.063327	9.00	8.75	3.75	6.50	2.75	8.00	0.75	6.25	5.25	1.75	2.75	4.50	5.00	7.25	2.25	2.75	-0.209473	0.069336	0.965820	1.470000	-4.830000	-1.050000	748.00	-0.041066	-0.103960		
9.40	0.00	0.00	0.00	0.00	0.00	0.00	0.00	0.00	0.50	2.25	1.25	0.00	0.50	10.50	1.25	0.00	-0.275879	0.056152	0.952637	-5.110000	12.460000	-5.600000	137.00	0.355627	0.097331	9.50	8.75	4.25	7.00	3.50	8.75	0.75	7.00	4.75	1.00	3.75	4.00	5.50	7.50	3.25	3.00	-0.206055	0.073242	0.969238	0.140000	-4.270000	-0.350000	797.00	-0.042491	-0.110499		
9.50	0.00	0.00	0.00	0.00	0.00	0.00	0.00	0.00	0.25	2.50	1.25	0.00	0.00	10.25	1.00	0.00	-0.309082	0.073242	0.935547	-5.600000	8.400000	-20.790001	128.00	0.359724	0.112097	10.00	9.25	5.25	7.75	3.75	9.25	0.75	6.75	4.75	1.50	3.75	5.25	5.75	7.50	2.25	3.25	-0.204102	0.075684	0.965820	-0.350000	-4.760000	-0.000000	838.00	-0.051216	-0.110551		
9.60	0.00	0.00	0.00	0.00	0.00	0.00	0.00	0.00	1.00	1.25	0.25	0.00	0.00	8.25	0.50	0.00	-0.299805	0.020508	0.938477	0.560000	1.610000	-42.070000	95.00	0.367051	0.155282	10.25	9.75	5.25	7.75	3.75	9.25	0.50	6.75	4.75	1.25	3.50	5.00	5.50	7.00	2.50	3.00	-0.212402	0.072266	0.962891	-0.840000	-4.760000	0.840000	829.00	-0.059020	-0.111763		
9.70	0.00	0.00	0.00	0.00	0.00	0.00	0.00	0.00	0.50	1.50	0.00	0.00	0.00	5.25	0.25	0.00	-0.275879	-0.002930	0.940430	7.980000	-7.840000	-54.950001	64.00	0.359533	0.151557	10.00	10.25	5.25	8.50	3.50	9.50	0.50	7.00	4.25	1.00	2.50	5.25	5.50	6.25	2.50	2.75	-0.209961	0.070801	0.960449	-1.050000	-4.550000	1.190000	819.00	-0.071569	-0.121510		15.00
9.80	0.50	0.00	0.00	0.00	0.00	0.00	0.00	0.00	0.75	1.75	0.00	0.00	0.00	3.00	0.00	0.00	-0.236816	-0.001465	0.954102	-1.540000	1.890000	-25.200001	54.00	0.261690	0.152652	10.00	10.00	5.00	8.25	3.75	9.50	0.50	6.50	4.00	1.25	3.25	4.00	5.00	5.75	1.75	2.75	-0.216309	0.074707	0.975586	-2.380000	-5.180000	1.960000	787.00	-0.079935	-0.117125		
9.90	3.25	0.75	0.00	0.25	0.00	0.00	0.00	0.00	0.75	2.00	0.00	0.00	0.00	2.50	0.00	0.00	-0.251465	0.015625	0.963379	6.300000	-1.330000	-16.240000	87.00	-0.009416	0.102066	11.00	11.25	6.00	9.00	3.75	8.75	0.25	5.75	2.50	0.75	2.50	2.50	3.25	3.75	1.75	2.00	-0.211914	0.076660	0.979004	-3.150000	-6.230000	2.030000	726.00	-0.131668	-0.115311		
10.00	4.25	1.25	0.75	0.75	0.00	0.00	0.00	0.00	0.00	0.00	0.00	0.00	0.00	1.25	0.00	0.00	-0.303223	-0.097656	0.982422	2.520000	-8.820000	-25.059999	76.00	-0.274547	0.044414	12.00	12.25	5.75	9.50	3.50	9.00	0.50	5.50	2.25	0.75	1.75	2.25	2.00	3.00	1.25	1.50	-0.196777	0.069336	0.970703	-1.680000	-4.760000	1.680000	710.00	-0.159439	-0.110608		
10.10	2.50	0.25	0.00	0.50	0.00	0.00	0.00	0.00	0.00	0.00	0.00	0.00	0.00	0.00	0.00	0.00	-0.350586	-0.108398	1.055664	-6.860000	-18.690001	-113.680000	31.00	0.000000	0.000000	13.25	14.25	6.00	10.00	3.25	8.75	0.25	5.25	1.75	0.75	1.00	1.75	2.00	2.50	0.75	1.00	-0.183105	0.072754	0.968750	-1.540000	-6.580000	1.540000	705.00	-0.191880	-0.111761		
10.20	1.00	0.25	0.00	0.00	0.00	0.00	0.00	0.00	0.00	0.00	0.00	0.00	0.00	0.00	0.00	0.00	-0.155762	-0.082031	0.916016	2.940000	-15.400000	-99.680000	12.00	0.000000	0.000000	13.00	13.50	6.25	10.00	3.75	8.25	0.50	5.00	2.50	0.25	1.25	1.25	2.00	2.50	0.75	2.00	-0.187988	0.067871	0.969238	-3.780000	-2.730000	0.280000	706.00	-0.183402	-0.102251		
10.30	1.75	1.00	0.00	0.25	0.00	0.00	0.00	0.00	0.00	0.00	0.00	0.00	0.00	0.00	0.00	0.00	-0.140137	-0.041992	0.871582	29.120001	-1.540000	-128.660004	27.00	0.000000	0.000000	12.50	12.50	6.75	9.50	4.50	8.25	0.75	5.00	3.25	0.50	1.50	1.75	1.75	3.25	1.25	1.00	-0.193848	0.067383	0.967773	-4.900000	-2.030000	0.280000	726.00	-0.162449	-0.088642		11.00
10.40	3.75	1.25	0.00	0.50	0.00	0.00	0.00	0.00	0.00	0.00	0.00	0.00	0.00	0.00	0.00	0.00	-0.064453	0.260254	0.912109	45.290001	40.250000	-112.840004	51.00	-0.394797	0.019418	11.50	11.00	6.25	9.00	5.00	7.50	1.50	5.00	5.75	1.25	1.75	1.50	1.25	5.50	1.75	1.50	-0.198242	0.057617	0.970703	-8.050000	2.100000	-0.070000	760.00	-0.113012	-0.059041		
10.50	9.25	6.75	4.50	5.25	0.50	0.00	0.00	0.00	0.00	0.25	0.00	0.00	0.00	1.25	0.00	0.00	-0.220215	0.004883	0.933105	13.580000	25.129999	0.910000	260.00	-0.316623	-0.020954	0.00	0.00	2.00	0.00	4.25	0.00	3.25	1.50	10.50	2.50	3.25	1.50	1.25	8.75	2.25	2.25	-0.204102	0.039551	0.984863	-13.930000	9.100000	-0.840000	436.00	0.191460	0.086331		
10.60	13.75	12.75	11.00	13.00	3.25	2.00	0.50	0.75	1.00	1.50	1.50	0.75	1.00	6.50	0.00	0.00	-0.261719	0.063477	0.975098	7.770000	-2.170000	4.550000	657.00	-0.209631	-0.035103	0.00	0.00	0.00	0.00	0.00	0.00	2.00	0.00	10.00	1.50	0.50	0.00	0.00	7.75	1.25	0.00	-0.331543	0.041992	1.090820	-24.430000	41.720001	-8.540000	239.00	0.281549	0.207896		
10.70	15.50	16.50	12.00	17.75	3.25	10.75	0.50	5.50	0.75	3.00	5.50	5.00	6.00	5.00	0.00	1.00	-0.231445	0.087891	0.968750	13.230000	2.870000	1.330000	1040.00	-0.158113	-0.119731	0.00	0.00	0.00	0.00	0.00	0.00	0.00	0.00	0.00	0.00	0.00	0.00	0.00	0.50	0.00	0.00	-0.462402	0.345703	1.439941	-291.480011	0.000000	5.180000	4.00	0.000000	0.000000		
10.80	11.50	12.75	9.50	15.00	2.00	12.50	0.00	8.00	0.00	1.75	5.75	6.50	9.50	3.25	0.25	1.25	-0.224121	0.115234	0.954102	7.840000	5.950000	-3.150000	964.00	-0.129079	-0.170124	0.00	0.00	0.00	0.00	0.00	0.00	0.00	0.00	0.00	0.00	0.00	0.00	0.00	0.00	0.00	0.00	-0.505371	0.089355	0.744141	-95.059998	13.370000	347.899994	0.00	0.000000	0.000000		
10.90	9.25	10.25	7.25	12.75	1.25	13.00	0.00	11.00	0.00	1.75	5.75	8.50	14.00	3.00	0.00	2.50	-0.209961	0.128906	0.953613	10.500000	5.180000	-3.990000	972.00	-0.086628	-0.208097	0.00	0.00	0.00	0.00	0.00	0.00	0.00	0.00	0.00	0.00	0.00	0.00	0.00	0.00	0.00	0.00	-0.025879	0.055664	0.955566	-37.590000	-70.910004	136.500000	0.00	0.000000	0.000000		
11.00	5.75	5.75	5.25	8.50	0.75	12.00	0.00	13.00	0.00	2.50	7.25	15.00	18.75	5.50	0.00	3.25	-0.234375	0.138672	0.956055	1.890000	6.300000	-6.720000	997.00	-0.001750	-0.236117	0.00	0.00	0.00	0.00	0.00	0.00	0.00	0.00	0.00	0.00	0.00	0.00	0.00	0.00	0.00	0.00	-0.283691	0.560059	1.023438	27.020000	-138.529999	133.490005	0.00	0.000000	0.000000		
11.10	5.00	2.50	4.25	6.25	1.25	10.00	0.00	12.00	0.00	2.50	7.75	17.00	19.25	7.75	0.50	4.25	-0.235352	0.133301	0.946777	-5.180000	7.490000	-9.240000	956.00	0.042968	-0.233376	0.00	0.00	0.00	0.00	0.00	0.00	0.00	0.00	0.00	0.00	0.00	0.00	0.00	0.00	0.00	0.00	-0.596191	-0.217285	1.347656	80.779999	-129.289993	54.040001	0.00	0.000000	0.000000		
11.20	0.00	0.00	0.00	0.00	0.00	6.00	0.00	11.25	0.25	5.00	13.75	22.75	23.25	13.25	1.50	6.50	-0.238770	0.144043	0.962402	6.930000	17.850000	-9.940000	955.00	0.176401	-0.243613	0.00	0.00	0.00	0.00	0.00	0.00	0.00	0.00	0.00	0.00	0.00	0.00	0.00	0.00	0.00	0.00	-1.244629	-0.654785	0.567871	97.930000	-96.110001	-263.339996	0.00	0.000000	0.000000	21.00	
11.30	0.00	0.00	0.00	0.00	0.00	0.00	0.00	5.75	0.75	5.25	21.50	27.00	23.75	17.25	5.25	8.00	-0.312988	0.183594	0.991699	25.969999	78.330002	-7.840000	1021.00	0.231965	-0.202582	5.00	10.75	0.50	3.00	0.00	0.50	0.00	0.00	0.00	0.00	0.00	0.00	0.00	0.00	0.00	0.00	-0.037109	0.173340	1.091797	-252.279999	29.120001	-21.910000	178.00	-0.379613	-0.098615		
11.40	0.00	0.00	0.00	0.00	0.00	0.00	0.00	0.00	1.50	3.00	2.50	3.00	3.75	9.00	0.50	0.00	-0.895996	0.524414	1.769531	87.220001	325.010010	-36.049999	204.00	0.288372	-0.030836	12.75	14.25	4.25	10.50	3.00	9.50	0.25	4.50	1.25	1.00	1.25	0.50	1.00	1.00	0.00	0.25	-0.211914	0.060547	1.019043	3.640000	30.100000	8.260000	638.00	-0.225986	-0.117504		
11.50	0.00	0.00	0.00	0.00	0.00	0.00	0.00	0.00	0.00	0.00	0.00	0.00	0.00	0.00	0.00	0.00	0.769043	0.221191	1.992676	-69.790001	20.510000	-55.020000	0.00	0.000000	0.000000	11.75	13.00	6.50	10.75	5.25	11.75	1.50	6.25	4.25	2.25	2.75	1.50	3.75	4.25	0.75	1.25	-0.190430	0.082520	0.968262	-1.470000	0.140000	1.050000	862.00	-0.129637	-0.098051		
11.60	0.00	0.00	0.00	0.00	0.00	0.00	0.00	0.00	0.00	0.00	0.00	0.00	0.00	0.00	0.00	0.00	0.432129	0.485352	0.803711	-175.770004	-161.630005	64.820000	0.00	0.000000	0.000000	9.50	10.25	5.00	9.00	5.25	10.25	2.50	6.75	6.25	2.75	3.50	2.00	3.75	4.50	1.25	1.75	-0.202637	0.084473	0.969727	-3.430000	0.140000	-1.820000	841.00	-0.080302	-0.085529		
11.70	0.00	0.00	0.00	0.00	0.00	0.00	0.00	0.00	0.00	0.00	0.00	0.00	0.00	0.00	0.00	0.00	-0.597656	1.287598	1.619141	-189.419998	-246.680008	262.920013	0.00	0.000000	0.000000	9.25	9.50	5.25	9.00	5.00	10.00	2.25	6.50	6.75	2.50	3.25	2.75	3.75	6.00	1.25	2.00	-0.207520	0.082520	0.965332	-0.000000	-3.080000	-1.890000	844.00	-0.067453	-0.081189		
11.80	0.00	0.00	0.00	0.00	0.00	0.00	0.00	0.00	0.00	0.00	0.00	0.00	0.00	0.00	0.00	0.00	-1.605957	1.998047	0.502441	-121.730003	-44.029999	403.130005	0.00	0.000000	0.000000	9.50	9.75	5.50	8.50	5.25	9.50	2.25	6.25	7.25	2.75	3.25	3.00	3.25	6.75	1.25	2.00	-0.205078	0.077637	0.974121	-0.280000	-2.590000	-1.820000	853.00	-0.062343	-0.070860		
11.90	13.50	10.50	11.75	12.00	3.75	5.25	0.25	4.50	0.25	1.75	1.75	3.25	5.50	12.50	0.75	0.00	-0.310059	0.222656	1.073730	7.280000	-24.360001	-8.890000	829.00	-0.123311	-0.079112	4.00	1.75	0.00	0.00	0.00	0.00	0.00	0.00	2.25	1.50	0.25	0.00	0.00	4.25	0.50	0.00	-0.203613	0.077148	0.972168	-8.120000	-0.350000	-10.710000	134.00	0.038317	0.113325		
12.00	13.00	10.00	11.50	11.25	5.25	6.00	1.00	5.00	1.00	4.00	3.00	6.00	6.50	17.00	1.25	0.50	-0.220703	0.095703	0.971191	-5.600000	6.860000	-5.670000	969.00	-0.065593	-0.071453	0.25	0.00	0.00	0.00	0.00	0.00	0.00	0.00	0.00	0.00	0.00	0.00	0.00	0.00	0.00	0.00	-0.590820	-0.240234	0.954102	54.880001	-23.379999	-306.179993	2.00	0.000000	0.000000		
12.10	11.25	7.25	10.25	8.00	5.75	3.50	2.50	2.50	5.25	7.00	4.50	3.75	4.00	26.25	2.25	0.25	-0.228027	0.052246	0.969238	-13.930000	10.360000	-4.410000	983.00	0.019671	0.007074	0.00	0.00	0.00	0.00	0.00	0.00	0.00	0.00	0.00	0.00	0.00	0.00	0.00	0.00	0.00	0.00	-1.208008	0.512207	0.663574	34.230000	-18.200001	-286.089996	0.00	0.000000	0.000000	25.00	
12.20	8.50	5.75	8.25	6.75	5.25	2.25	4.00	1.25	8.00	9.25	5.50	3.50	3.00	29.50	3.50	0.00	-0.232422	0.034668	0.958008	-5.320000	9.870000	1.330000	987.00	0.078388	0.040296	0.00	0.00	0.00	0.00	0.00	0.00	0.00	0.00	0.00	0.00	0.00	0.00	0.00	0.00	0.00	0.00	-0.476074	0.089844	0.981934	-12.740000	37.240002	-191.589996	0.00	0.000000	0.000000		
12.30	7.00	5.50	7.25	7.00	5.00	2.25	4.25	0.75	9.25	9.25	5.75	2.50	3.00	28.50	2.75	0.50	-0.241699	0.045410	0.965820	-2.450000	8.120000	2.030000	952.00	0.087940	0.047914	0.00	0.00	0.00	0.00	0.00	0.00	0.00	0.00	0.00	0.00	0.00	0.00	0.00	0.00	0.00	0.00	-0.176270	0.396973	0.945312	11.270000	66.080002	-213.009995	0.00	0.000000	0.000000		
12.40	5.50	6.00	6.25	6.75	3.25	1.75	3.75	1.00	9.75	9.25	5.50	3.25	2.50	28.25	2.50	0.00	-0.248535	0.042969	0.957520	-2.310000	8.050000	0.630000	904.00	0.102524	0.047050	0.00	0.00	0.00	0.00	0.00	0.00	0.00	0.00	0.00	0.00	0.00	0.00	0.00	0.00	0.00	0.00	-0.058105	0.101562	0.848633	38.150002	17.639999	-237.229996	0.00	0.000000	0.000000		
12.50	6.25	5.75	6.25	6.75	3.00	1.00	3.25	0.50	8.25	8.25	4.25	2.50	1.75	27.25	2.00	0.00	-0.256836	0.039551	0.965820	-1.050000	4.620000	-1.120000	819.00	0.090705	0.056527	0.00	0.00	0.00	0.00	0.00	0.00	0.00	0.00	4.50	0.00	0.00	0.00	0.00	3.50	0.00	0.00	0.214844	0.780762	1.633789	318.429993	18.620001	-29.330000	81.00	0.309034	0.241841		
12.60	5.25	4.25	4.00	3.25	1.00	0.00	0.75	0.00	6.25	3.50	0.00	0.00	0.00	18.00	0.00	0.00	-0.259766	0.035645	0.977539	-3.220000	15.190001	-1.470000	428.00	0.069239	0.108826	2.00	1.50	1.50	0.00	1.25	0.00	4.50	0.00	20.75	5.75	1.25	0.00	0.25	21.25	5.25	3.25	-0.292969	0.087891	1.070312	26.809999	-41.090000	34.369999	672.00	0.240180	0.159077		
12.70	0.75	0.75	0.00	0.00	0.00	0.00	0.00	0.00	0.00	0.00	0.00	0.00	0.00	0.00	0.00	0.00	-0.551758	1.743652	1.215332	-52.150002	-79.660004	428.260010	13.00	0.000000	0.000000	5.75	6.25	2.75	2.25	4.75	1.50	5.75	3.50	18.75	7.00	3.50	2.25	3.50	18.00	6.50	5.00	-0.240723	0.025879	0.982422	5.110000	-1.050000	5.040000	952.00	0.129015	0.050952		
12.80	1.50	0.25	0.00	0.75	0.00	0.00	0.00	0.00	0.00	0.00	0.00	0.00	0.00	0.00	0.00	0.00	-0.326172	-0.183105	0.598633	-66.500000	173.669998	178.990005	24.00	0.000000	0.000000	3.75	5.50	1.50	2.00	1.75	1.75	2.00	2.75	9.50	2.50	0.75	1.25	1.50	10.75	3.50	2.50	-0.253906	0.042969	0.947266	2.660000	-16.520000	3.570000	517.00	0.091728	0.023513		
12.90	5.75	5.50	4.50	6.25	1.00	1.25	0.25	1.25	1.50	3.75	2.25	2.00	3.75	13.25	0.50	0.00	-0.287598	0.126465	0.972168	0.140000	7.490000	-1.260000	485.00	-0.005621	-0.035686	6.75	6.50	2.00	2.50	2.00	0.75	0.75	0.50	6.00	0.00	0.00	0.00	0.00	6.50	1.50	1.00	-0.255859	0.025879	0.962402	1.190000	-7.840000	1.120000	351.00	-0.048496	0.054209		
13.00	7.50	6.75	6.00	7.50	2.50	2.25	1.00	2.00	3.00	4.25	3.00	2.50	2.75	13.00	0.25	0.25	-0.247559	0.071289	0.959473	-5.250000	2.310000	-2.100000	610.00	-0.030293	-0.026148	7.75	8.00	3.00	3.75	1.75	1.25	0.00	0.00	4.00	0.75	0.00	0.00	0.00	4.50	1.25	0.00	-0.226074	0.042480	0.965820	0.210000	-7.630000	0.630000	341.00	-0.138569	0.022302		
13.10	11.25	10.00	8.75	10.25	2.25	3.00	0.50	1.25	1.25	1.75	0.00	0.00	1.25	5.00	0.00	0.00	-0.241699	0.071289	0.970215	-0.700000	-2.310000	-1.190000	540.00	-0.208610	-0.040556	10.50	10.25	3.25	5.00	1.00	1.50	0.00	0.00	2.25	1.00	0.00	0.00	0.00	2.50	0.75	0.25	-0.183105	0.048340	0.962402	-0.490000	-10.080000	-1.260000	358.00	-0.229204	-0.013402		
13.20	13.75	11.75	10.00	11.25	2.25	3.75	0.25	1.25	0.00	0.00	0.00	0.50	1.25	3.25	0.25	0.00	-0.218262	0.087891	0.949219	1.260000	0.560000	-2.800000	567.00	-0.260079	-0.061693	11.25	11.00	3.50	5.00	1.00	1.00	0.00	0.25	2.25	0.50	0.00	0.00	0.00	2.25	0.50	0.25	-0.191406	0.050781	0.969727	0.770000	-5.950000	0.700000	364.00	-0.248904	-0.014593		
13.30	13.25	11.00	9.50	10.50	2.25	3.25	0.25	1.25	0.00	0.00	0.00	0.25	1.25	4.25	0.00	0.00	-0.222168	0.069824	0.961914	1.050000	2.940000	-2.660000	542.00	-0.252927	-0.054598	11.25	11.25	3.25	5.75	1.50	1.50	0.00	0.50	2.50	0.50	0.00	0.00	0.00	2.50	0.50	0.00	-0.178223	0.040039	0.961426	-0.140000	-4.970000	-0.070000	388.00	-0.240230	-0.021727		
13.40	13.75	12.00	10.25	11.25	2.00	3.75	0.00	1.25	0.00	0.00	0.00	0.25	1.50	2.75	0.25	0.00	-0.248047	0.061523	1.003906	5.810000	-1.610000	-2.450000	562.00	-0.268574	-0.065916	11.25	11.25	3.25	5.75	0.75	1.50	0.00	0.50	1.00	0.00	0.00	0.00	0.00	2.25	0.50	0.50	-0.182617	0.054199	0.978516	3.780000	-6.580000	-0.280000	358.00	-0.273290	-0.042571		
13.50	15.75	12.75	11.00	11.75	2.00	3.50	0.00	0.75	0.00	0.00	0.00	0.00	1.25	0.00	0.00	0.00	-0.199707	0.086426	0.970703	2.870000	-5.180000	-1.540000	562.00	-0.311140	-0.062357	12.25	12.00	4.00	6.25	1.25	2.50	0.00	0.75	1.00	0.25	0.00	0.00	0.00	2.25	0.25	0.00	-0.171387	0.052734	0.983887	8.120000	-11.340000	-2.590000	403.00	-0.276514	-0.045576		
13.60	16.25	12.75	11.00	11.75	2.00	3.25	0.00	0.50	0.00	0.00	0.00	0.00	0.75	0.50	0.00	0.00	-0.197754	0.099609	0.973145	-2.520000	1.960000	-0.770000	561.00	-0.312855	-0.053420	13.00	12.50	4.50	6.25	1.50	2.00	0.00	1.25	1.25	0.00	0.00	0.25	0.00	2.75	0.00	0.00	-0.157227	0.074707	0.971680	-1.890000	-0.980000	-2.310000	428.00	-0.270110	-0.042483		
13.70	16.75	13.00	10.25	11.25	1.50	1.75	0.00	0.50	0.00	0.00	0.00	0.00	0.50	0.00	0.00	0.00	-0.150879	0.088867	0.878418	-1.260000	-2.100000	-0.210000	529.00	-0.328494	-0.047918	12.25	11.75	3.75	6.25	1.25	3.50	0.00	1.25	1.25	0.00	0.00	0.00	0.25	3.25	0.50	0.00	-0.083984	0.089844	0.895508	-4.760000	10.780000	-1.190000	428.00	-0.249328	-0.053144		
13.80	4.00	0.75	5.50	5.25	2.50	2.00	0.25	1.25	0.25	0.75	0.75	1.25	1.50	7.75	0.50	0.50	-0.253418	0.077148	0.986816	-7.490000	21.490000	-5.180000	328.00	-0.053552	-0.038659	3.25	1.00	2.00	5.00	1.25	3.00	0.00	2.25	5.25	1.00	0.50	0.50	1.00	6.50	1.00	1.00	-0.212402	0.049316	0.977539	-2.100000	8.330000	-5.810000	339.00	0.018494	-0.024478		
13.90	4.00	2.25	4.50	3.50	1.00	0.75	0.50	0.25	1.25	2.25	1.75	1.25	1.50	12.25	0.50	1.25	-0.258301	0.075684	0.961914	-3.290000	8.820000	-3.220000	350.00	0.039131	0.014808	2.75	3.75	1.00	2.75	0.75	2.25	0.00	2.00	5.25	1.25	0.75	0.75	0.75	7.00	1.50	1.00	-0.225586	0.058105	0.969727	0.840000	0.770000	-2.100000	322.00	0.044655	-0.015573		
14.00	6.00	5.50	5.25	5.00	1.00	0.25	0.00	0.00	0.25	0.75	0.00	0.75	0.75	7.00	0.00	0.00	-0.251465	0.075195	0.956543	-2.310000	4.060000	-1.680000	297.00	-0.151054	-0.006639	5.25	5.00	1.00	1.75	0.50	1.50	0.00	0.25	3.00	0.50	0.00	0.25	0.00	4.75	1.25	1.00	-0.220703	0.056641	0.969238	-2.240000	-7.280000	0.700000	240.00	-0.064106	0.015546		
14.10	6.75	5.25	5.00	5.50	0.75	0.00	0.00	0.00	0.00	0.25	0.25	0.00	0.00	4.00	0.00	0.00	-0.241699	0.070801	0.956543	-2.730000	3.360000	-1.190000	258.00	-0.234818	-0.009096	5.75	6.00	0.75	2.25	0.00	0.50	0.00	0.00	0.50	0.00	0.00	0.00	0.00	1.25	0.25	0.00	-0.206055	0.063477	0.976562	-2.940000	-17.500000	1.540000	158.00	-0.288928	-0.031808		
14.20	6.25	3.75	3.00	2.75	0.25	0.00	0.00	0.00	0.00	0.00	0.00	0.00	0.00	0.75	0.50	0.00	-0.237305	0.068848	0.969238	-5.250000	-1.610000	-1.120000	162.00	-0.302300	-0.009077	4.25	4.00	0.00	0.00	0.00	0.00	0.00	0.00	0.00	0.00	0.00	0.00	0.00	1.00	0.00	0.00	-0.175293	0.049805	0.982910	-0.910000	-17.360001	1.680000	82.00	-0.330907	0.002159		
14.30	4.50	1.50	1.00	1.25	0.00	0.00	0.00	0.00	0.00	0.00	0.00	0.00	0.00	0.00	0.00	0.00	-0.216797	0.061035	0.952637	-6.020000	-0.140000	-1.890000	78.00	-0.368880	0.008128	0.00	1.25	0.00	0.50	0.00	0.00	0.00	0.00	0.00	0.00	0.00	0.00	0.00	0.00	0.00	0.00	-0.137695	0.068848	0.958496	9.170000	-8.260000	-0.770000	16.00	0.000000	0.000000		
14.40	2.50	0.75	0.75	1.50	0.00	0.00	0.00	0.00	0.00	0.00	0.00	0.00	0.00	0.00	0.00	0.25	-0.234375	0.051270	0.954590	-1.260000	3.780000	-2.310000	54.00	-0.335365	-0.028992	0.50	0.75	0.00	0.00	0.00	0.00	0.00	0.00	0.00	0.00	0.00	0.00	0.00	0.00	0.00	0.00	-0.190430	0.105957	0.938477	5.250000	-1.750000	1.960000	11.00	0.000000	0.000000		
14.50	3.50	2.50	1.25	1.50	0.00	0.00	0.00	0.00	0.00	0.00	0.00	0.00	0.00	0.00	0.00	0.00	-0.223145	0.053223	0.970703	-0.210000	3.430000	-1.470000	82.00	-0.364090	-0.026013	0.25	0.75	0.00	0.00	0.00	0.00	0.00	0.00	0.00	0.00	0.00	0.00	0.00	0.25	0.00	0.00	-0.141602	0.083008	0.979980	-15.540000	-0.210000	-2.030000	11.00	0.000000	0.000000		15.00
14.60	5.25	2.50	0.00	1.50	0.00	0.00	0.00	0.00	0.00	0.00	0.00	0.00	0.00	0.00	0.00	0.00	-0.220703	0.062988	0.962402	-0.070000	1.680000	-1.750000	86.00	-0.386376	-0.017106	0.50	0.75	0.00	0.00	0.00	0.00	0.00	0.00	0.00	0.00	0.00	0.00	0.00	0.00	0.00	0.00	-0.183594	0.049316	0.983887	-10.710000	5.390000	2.590000	11.00	0.000000	0.000000		
14.70	4.00	2.50	0.50	1.50	0.00	0.00	0.00	0.00	0.00	0.00	0.00	0.00	0.00	0.00	0.00	0.00	-0.213867	0.059082	0.960449	-1.330000	3.430000	-1.820000	79.00	-0.376007	-0.029102	0.25	0.00	0.00	0.00	0.00	0.00	0.00	0.00	0.00	0.00	0.00	0.00	0.00	0.00	0.00	0.00	-0.192871	0.052734	0.963867	-5.180000	-0.560000	0.840000	2.00	0.000000	0.000000		
14.80	3.75	2.50	0.75	1.00	0.00	0.00	0.00	0.00	0.00	0.00	0.00	0.00	0.00	0.00	0.00	0.25	-0.221680	0.062500	0.960938	-1.820000	4.760000	-1.610000	75.00	-0.365087	-0.021120	0.75	0.75	0.00	0.00	0.00	0.00	0.00	0.00	0.00	0.00	0.00	0.00	0.00	0.00	0.00	0.00	-0.180664	0.050293	0.972656	-1.190000	-8.400000	-1.330000	13.00	0.000000	0.000000		
14.90	4.50	2.00	0.75	1.00	0.00	0.00	0.00	0.00	0.00	0.00	0.00	0.00	0.00	0.00	0.00	0.00	-0.221191	0.055176	0.963379	-1.960000	5.670000	-1.610000	77.00	-0.377560	0.003509	0.50	0.75	0.00	0.25	0.00	0.00	0.00	0.00	0.00	0.00	0.00	0.00	0.00	0.00	0.00	0.00	-0.175781	0.048828	0.977051	-0.840000	-9.450000	-1.750000	14.00	0.000000	0.000000		
15.00	4.00	2.25	0.75	1.00	0.00	0.00	0.00	0.00	0.00	0.00	0.00	0.00	0.00	0.00	0.00	0.00	-0.219727	0.062988	0.961914	-2.380000	4.550000	-1.470000	74.00	-0.377021	-0.007985	0.00	0.00	0.00	0.50	0.00	0.00	0.00	0.00	0.00	0.00	0.00	0.00	0.00	0.00	0.00	0.00	-0.173828	0.044434	0.975098	-1.540000	-6.440000	-1.820000	5.00	0.000000	0.000000		
15.10	4.50	1.25	0.00	1.50	0.00	0.00	0.00	0.00	0.00	0.00	0.00	0.00	0.00	0.00	0.00	0.00	-0.213867	0.060059	0.957520	-2.030000	4.340000	-1.470000	68.00	-0.379915	-0.007222	0.25	0.50	0.00	0.50	0.00	0.00	0.00	0.00	0.00	0.00	0.00	0.00	0.00	0.00	0.00	0.00	-0.163574	0.048828	0.975098	-2.030000	-7.280000	-1.470000	12.00	0.000000	0.000000		
15.20	4.75	2.75	0.50	1.25	0.00	0.00	0.00	0.00	0.00	0.00	0.00	0.00	0.00	0.00	0.00	0.00	-0.215820	0.054688	0.962891	-1.470000	4.550000	-1.470000	86.00	-0.381864	-0.015309	0.50	1.00	0.00	0.25	0.00	0.00	0.00	0.00	0.00	0.00	0.00	0.00	0.00	0.00	0.00	0.00	-0.160645	0.049316	0.975098	-1.400000	-5.040000	-0.560000	16.00	0.000000	0.000000		
15.30	4.75	2.50	0.00	1.00	0.00	0.00	0.00	0.00	0.00	0.00	0.00	0.00	0.00	0.00	0.00	0.00	-0.218262	0.063477	0.964844	-1.540000	5.040000	-1.610000	76.00	-0.391832	-0.011241	0.25	0.75	0.00	0.50	0.00	0.00	0.00	0.00	0.00	0.00	0.00	0.00	0.00	0.00	0.00	0.00	-0.154785	0.045898	0.971680	-1.680000	-4.410000	-0.630000	14.00	0.000000	0.000000		
15.40	3.50	2.00	0.25	1.50	0.00	0.00	0.00	0.00	0.00	0.00	0.00	0.00	0.00	0.00	0.00	0.00	-0.216797	0.060547	0.959961	-1.400000	5.600000	-1.540000	68.00	-0.375728	-0.034708	0.50	0.75	0.00	0.50	0.00	0.00	0.00	0.00	0.00	0.00	0.00	0.00	0.00	0.00	0.00	0.00	-0.155762	0.049316	0.969727	-1.610000	-4.480000	-0.910000	16.00	0.000000	0.000000		11.00
15.50	5.00	2.75	0.50	1.50	0.00	0.00	0.00	0.00	0.00	0.00	0.00	0.00	0.00	0.00	0.00	0.00	-0.222168	0.060059	0.963867	-1.120000	6.160000	-1.540000	91.00	-0.379818	-0.017866	0.75	1.00	0.00	0.75	0.00	0.00	0.00	0.00	0.00	0.00	0.00	0.00	0.00	0.00	0.00	0.00	-0.155273	0.046875	0.979004	-0.980000	-3.710000	-0.980000	23.00	0.000000	0.000000		
15.60	4.25	1.75	0.75	1.25	0.00	0.00	0.00	0.00	0.00	0.00	0.00	0.00	0.00	0.00	0.00	0.00	-0.217285	0.059082	0.966797	-1.960000	6.090000	-1.470000	75.00	-0.372646	-0.002684	1.50	2.50	0.00	0.25	0.00	0.00	0.00	0.00	0.00	0.00	0.00	0.00	0.00	0.00	0.00	0.00	-0.152344	0.047852	0.978027	-0.700000	-3.850000	-0.840000	38.00	0.000000	0.000000		
15.70	3.50	2.50	0.25	1.00	0.00	0.00	0.00	0.00	0.00	0.00	0.00	0.00	0.00	0.00	0.00	0.00	-0.227051	0.066406	0.954102	-2.310000	5.110000	-1.470000	67.00	-0.384937	-0.028702	1.75	2.25	0.00	0.50	0.00	0.00	0.00	0.00	0.00	0.00	0.00	0.00	0.00	0.00	0.00	0.00	-0.149902	0.051758	0.975098	-1.260000	-4.410000	-0.840000	41.00	0.000000	0.000000		
15.80	5.00	2.50	0.25	1.50	0.00	0.00	0.00	0.00	0.00	0.00	0.00	0.00	0.00	0.25	0.00	0.00	-0.227539	0.058594	0.962891	-1.610000	5.180000	-1.470000	88.00	-0.364660	-0.013082	1.50	0.50	0.00	0.75	0.00	0.00	0.00	0.00	0.00	0.00	0.00	0.00	0.00	0.00	0.00	0.00	-0.154785	0.050781	0.975586	-1.190000	-3.640000	-0.910000	26.00	0.000000	0.000000		
15.90	4.25	2.50	0.75	1.50	0.00	0.00	0.00	0.00	0.00	0.00	0.00	0.00	0.00	0.25	0.00	0.00	-0.227539	0.056152	0.963379	-1.540000	4.410000	-1.330000	86.00	-0.355557	-0.017083	1.50	2.00	0.00	0.75	0.00	0.00	0.00	0.00	0.00	0.00	0.00	0.00	0.00	0.00	0.00	0.00	-0.154297	0.049316	0.972168	-0.980000	-3.710000	-1.400000	39.00	0.000000	0.000000	21.00	
16.00	5.00	2.75	1.00	1.75	0.00	0.00	0.25	0.00	0.00	0.00	0.00	0.00	0.00	0.50	0.00	0.00	-0.229492	0.062012	0.965820	-2.100000	4.200000	-0.770000	106.00	-0.327617	-0.001774	2.25	3.50	0.00	0.75	0.00	0.00	0.00	0.00	0.00	0.00	0.00	0.00	0.00	0.00	0.00	0.00	-0.153809	0.051758	0.977539	-0.700000	-3.500000	-1.960000	58.00	-0.395194	-0.073230		
16.10	5.50	3.25	0.75	1.50	0.00	0.00	0.25	0.00	0.00	0.00	0.00	0.00	0.00	1.00	0.00	0.00	-0.226562	0.052246	0.959961	-0.910000	4.270000	-0.770000	113.00	-0.310884	0.005814	3.00	4.25	0.25	1.50	0.00	0.00	0.00	0.00	0.00	0.00	0.00	0.00	0.00	0.00	0.00	0.00	-0.155762	0.048340	0.976562	-0.630000	-3.640000	-1.890000	82.00	-0.383616	-0.073474		
16.20	6.25	4.75	2.25	3.75	0.00	0.00	0.25	0.00	0.00	0.00	0.00	0.00	0.00	0.00	0.00	0.75	-0.232422	0.055176	0.973145	-0.700000	-0.140000	-0.700000	167.00	-0.334268	-0.041556	6.00	6.00	0.00	2.25	0.00	0.00	0.00	0.00	0.00	0.00	0.00	0.00	0.00	0.25	0.00	0.00	-0.161621	0.033691	0.983398	3.920000	-11.340000	-4.480000	132.00	-0.376601	-0.052613		
16.30	11.00	8.50	7.00	6.75	0.75	0.50	0.25	0.00	0.00	0.00	0.00	0.00	0.00	1.25	0.00	0.00	-0.189453	0.063477	0.932617	-1.330000	-0.350000	-1.610000	341.00	-0.316069	-0.022636	10.75	10.75	2.00	6.25	0.75	1.25	0.00	0.50	0.00	0.00	0.00	0.00	0.00	0.50	0.00	0.00	-0.128418	0.068848	0.956543	6.580000	2.800000	-6.300000	306.00	-0.338090	-0.069219		
16.40	16.25	11.25	12.00	10.50	2.50	1.25	0.50	0.50	0.00	0.00	0.00	0.00	0.25	5.25	0.00	0.00	-0.219238	0.065430	0.979004	-1.260000	11.970000	-3.010000	571.00	-0.265638	-0.014454	13.00	13.00	5.00	8.00	1.75	3.75	0.00	1.50	1.25	0.25	0.50	0.50	0.25	2.50	0.25	0.00	-0.166992	0.074219	0.986816	-8.190000	12.810000	-1.960000	490.00	-0.253106	-0.063055		
16.50	12.75	9.75	9.75	8.75	2.25	1.25	0.75	0.75	0.75	0.75	0.00	0.25	0.75	6.00	0.00	0.75	-0.230469	0.065918	0.968750	-0.910000	8.540000	-2.170000	521.00	-0.215580	-0.015937	12.00	11.50	4.50	6.75	2.75	4.25	0.25	0.75	2.00	0.75	0.25	0.50	0.50	2.75	0.25	0.00	-0.171387	0.059570	0.975098	-3.990000	-1.190000	0.980000	474.00	-0.227077	-0.043940		
16.60	11.25	9.00	8.25	8.00	1.75	0.75	0.50	0.00	0.75	0.75	0.00	0.00	0.50	5.75	0.50	0.25	-0.230469	0.067871	0.955078	-1.190000	7.140000	-1.820000	450.00	-0.215864	-0.005586	11.50	11.00	3.50	6.50	2.25	1.75	0.25	0.50	2.50	0.50	0.00	0.00	0.00	2.75	0.50	0.00	-0.183594	0.057129	0.976074	-5.460000	-3.710000	2.030000	414.00	-0.232880	-0.020084		
16.70	10.75	8.75	8.00	7.00	0.50	1.00	0.50	0.50	0.50	0.50	0.00	0.25	0.50	5.50	0.25	0.00	-0.237793	0.072266	0.960938	-0.980000	4.970000	-1.120000	419.00	-0.221435	-0.014970	11.25	11.00	5.00	6.75	2.25	1.75	0.25	0.25	2.75	0.50	0.00	0.00	0.00	1.50	0.50	0.00	-0.172363	0.046875	0.970703	-3.920000	-4.200000	1.680000	419.00	-0.246810	-0.017463		
16.80	11.25	9.00	7.75	7.50	1.25	1.00	0.25	0.25	0.00	1.00	0.00	0.00	0.25	3.75	0.00	0.50	-0.235840	0.064453	0.962891	-0.140000	3.220000	-1.120000	409.00	-0.255044	-0.022468	11.75	11.50	4.75	6.25	2.25	0.75	0.50	0.00	2.75	0.75	0.00	0.00	0.00	2.25	0.25	0.00	-0.174316	0.044434	0.971680	-4.900000	-5.250000	1.190000	416.00	-0.242914	-0.000687		
16.90	11.00	9.00	7.25	7.75	0.75	1.00	0.25	0.25	0.00	0.00	0.00	0.00	0.50	3.25	0.00	0.00	-0.227051	0.072754	0.958496	1.260000	0.630000	-0.770000	385.00	-0.276686	-0.031710	11.75	10.50	5.50	6.00	2.25	0.75	1.00	0.00	4.50	1.25	0.00	0.00	0.00	3.00	0.25	0.00	-0.152832	0.039062	0.946777	-8.400000	10.640000	-1.820000	451.00	-0.198054	0.024682		
17.00	13.50	11.00	9.50	10.00	0.50	1.50	0.50	0.50	0.00	0.00	0.00	0.00	0.50	3.75	0.00	0.25	-0.224609	0.063965	0.954590	-1.820000	3.640000	-0.490000	486.00	-0.275562	-0.035373	0.00	0.00	0.00	0.00	1.00	0.25	2.50	0.50	9.75	3.75	1.00	0.25	0.00	7.50	1.00	0.25	-0.206543	0.052734	1.007324	-11.270000	24.570000	-20.370001	288.00	0.245739	0.164396		
17.10	18.00	15.25	13.00	14.50	4.00	5.00	0.75	1.25	0.25	0.75	0.25	0.50	1.50	5.75	0.00	0.00	-0.216309	0.071777	0.957520	-1.820000	2.100000	-0.840000	769.00	-0.242778	-0.048110	0.00	0.00	0.00	0.00	0.00	0.00	0.00	0.00	6.00	0.75	0.00	0.00	0.00	1.50	0.25	0.00	-0.359863	0.073242	1.055664	-42.279999	62.860001	-56.139999	93.00	0.278714	0.236787		
17.20	17.00	15.00	13.25	15.50	4.75	7.25	1.00	3.25	0.75	1.25	0.75	1.25	3.00	6.00	0.25	1.00	-0.212891	0.068848	0.963379	0.770000	3.500000	-1.820000	875.00	-0.204589	-0.072086	0.00	0.00	0.00	0.00	0.00	0.00	0.00	0.00	0.00	0.00	0.00	0.00	0.00	0.25	0.00	0.00	-0.728027	0.809570	0.846680	-40.599998	10.430000	30.100000	2.00	0.000000	0.000000	25.00	
17.30	15.00	12.75	12.25	14.25	5.00	8.25	1.00	5.25	1.00	2.00	1.75	3.25	5.25	6.25	0.75	1.50	-0.214844	0.085449	0.966797	3.990000	5.460000	-2.030000	921.00	-0.156329	-0.095767	0.00	0.00	0.00	0.00	0.00	0.00	0.00	0.00	0.00	0.00	0.00	0.00	0.00	0.00	0.00	0.00	-0.210449	0.168945	0.990234	-22.190001	50.259998	177.940002	0.00	0.000000	0.000000		
17.40	9.50	8.75	9.50	10.50	5.00	9.50	1.00	8.25	1.50	5.00	5.75	7.25	10.75	7.25	1.50	3.25	-0.212891	0.094238	0.957520	5.320000	9.030000	-2.380000	1003.00	-0.051101	-0.136250	0.00	0.00	0.00	0.00	0.00	0.00	0.00	0.00	0.00	0.00	0.00	0.00	0.00	0.00	0.00	0.00	0.211426	-0.326660	1.078125	47.040001	-34.509998	0.350000	0.00	0.000000	0.000000		
17.50	5.75	5.25	5.75	7.00	3.25	7.25	1.25	9.50	2.50	5.75	9.00	13.25	15.00	11.00	2.25	5.25	-0.223633	0.103027	0.958984	5.040000	12.740000	-3.500000	1034.00	0.047873	-0.157840	0.00	0.00	0.00	0.00	0.00	0.00	0.00	0.00	0.00	0.00	0.00	0.00	0.00	0.00	0.00	0.00	0.079590	-0.063965	1.126465	55.020000	-110.599998	-20.719999	0.00	0.000000	0.000000		
17.60	0.00	0.00	0.00	0.00	1.25	0.75	0.75	7.75	5.00	7.00	14.25	16.00	16.75	21.00	6.00	7.25	-0.252930	0.108887	0.959961	1.400000	20.860001	-4.270000	948.00	0.230166	-0.137620	0.00	0.00	0.00	0.00	0.00	0.00	0.00	0.00	0.00	0.00	0.00	0.00	0.00	0.00	0.00	0.00	-0.406738	-0.341309	1.158691	47.320000	-126.349998	4.410000	0.00	0.000000	0.000000		
17.70	0.00	0.25	0.00	0.00	0.25	0.00	0.00	4.00	5.25	8.25	14.50	15.50	14.75	28.25	8.75	8.50	-0.300781	0.116211	0.961426	5.880000	40.040001	-4.200000	956.00	0.268266	-0.099881	0.00	0.00	0.00	0.00	0.00	0.00	0.00	0.00	0.00	0.00	0.00	0.00	0.00	0.00	0.00	0.00	-0.743164	-0.087891	0.747559	38.570000	-60.549999	-96.110001	0.00	0.000000	0.000000	21.00	
17.80	0.00	0.25	0.00	0.00	0.00	0.00	0.00	0.00	5.25	8.25	11.00	11.50	7.25	32.75	11.25	7.75	-0.389648	0.157715	0.982422	1.260000	77.349998	-9.870000	821.00	0.310149	-0.030999	11.00	12.50	1.00	6.75	0.25	1.25	0.00	0.25	0.00	0.00	0.00	0.00	0.00	0.00	0.00	0.00	-0.237793	-0.304199	1.706543	-69.650002	90.720001	-3.920000	306.00	-0.360774	-0.081993		
17.90	0.00	0.00	0.00	0.00	0.00	0.00	0.00	0.00	2.25	2.50	0.00	0.00	0.00	24.50	5.00	0.00	-0.685059	0.193359	1.311523	-40.459999	213.990005	-64.120003	290.00	0.383609	0.134265	12.00	12.75	4.75	9.50	1.50	6.00	0.25	2.00	3.00	1.00	0.50	0.25	0.25	1.25	0.00	0.00	-0.155762	0.045410	0.989746	-2.590000	27.650000	-0.560000	535.00	-0.232474	-0.070968		
18.00	1.00	0.50	0.00	0.00	0.00	0.00	0.00	0.00	0.25	0.25	0.00	0.00	0.00	1.00	0.00	0.00	0.101074	0.772461	1.183594	-167.369995	132.509995	-74.900002	27.00	0.000000	0.000000	11.25	11.75	6.25	10.50	5.00	10.50	1.75	6.75	6.25	2.75	2.50	1.75	3.75	5.25	0.75	0.75	-0.165039	0.064453	0.978027	4.550000	8.540000	-1.820000	871.00	-0.105698	-0.083770		
18.10	0.75	0.25	0.00	0.00	0.00	0.00	0.00	0.00	0.00	0.00	0.00	0.00	0.00	0.00	0.00	0.00	0.390625	0.287598	0.658203	-25.690001	-148.750000	105.840004	9.00	0.000000	0.000000	1.75	4.75	3.25	6.00	4.75	10.50	3.25	8.00	8.75	4.25	5.75	5.00	6.50	7.50	2.50	3.00	-0.191895	0.071777	0.975586	-1.330000	5.040000	-3.080000	857.00	0.044587	-0.097033		15.00
18.20	1.00	0.25	0.00	0.00	0.00	0.00	0.00	0.00	0.00	0.00	0.00	0.00	0.00	0.00	0.00	0.00	-0.625977	0.266113	1.429199	4.690000	-248.990005	13.930000	12.00	0.000000	0.000000	0.00	0.00	1.00	3.75	2.75	8.25	4.00	7.75	10.75	6.00	7.50	6.75	7.00	9.00	2.75	4.75	-0.201172	0.064453	0.964355	-2.240000	4.550000	-4.410000	820.00	0.131672	-0.083502		
18.30	1.00	0.25	0.00	0.00	0.00	0.00	0.00	0.00	0.25	0.50	0.00	0.00	0.00	0.75	0.00	0.00	-1.652832	-0.548340	0.570312	155.960007	-66.010002	-311.570007	25.00	0.000000	0.000000	0.25	0.00	0.00	0.75	0.00	3.50	4.00	6.75	16.00	8.25	10.00	8.00	7.50	15.75	4.50	7.00	-0.233398	0.060059	0.979004	0.140000	21.490000	-2.030000	899.00	0.213403	-0.034334		
18.40	2.75	2.50	0.75	5.00	0.00	0.00	0.25	0.75	1.25	2.00	2.00	1.25	2.00	7.00	0.00	0.00	-0.125977	-0.086914	1.284180	-32.060001	-78.540001	23.100000	255.00	0.019454	-0.049547	0.00	0.00	0.00	0.00	0.00	0.00	2.00	0.00	16.75	8.00	8.75	6.50	4.25	18.25	5.00	6.75	-0.309082	0.076660	1.025879	5.390000	76.510002	1.610000	710.00	0.282298	0.047209		
18.50	10.50	10.00	9.25	11.50	3.00	6.75	1.50	5.00	3.50	4.50	4.50	4.25	6.00	11.00	0.00	1.50	-0.228027	0.074707	0.971680	-0.910000	-0.070000	-1.400000	891.00	-0.068439	-0.080112	0.00	0.00	0.00	0.00	0.00	0.00	0.00	0.00	3.25	0.00	0.00	0.00	0.00	13.25	0.00	0.00	-0.493164	-0.022461	1.359863	-18.760000	236.949997	-27.650000	142.00	0.370266	0.204248		
18.60	9.75	9.00	9.00	10.50	4.00	7.25	2.00	5.75	5.25	5.50	5.25	5.50	7.00	15.75	0.50	2.00	-0.235840	0.097656	0.965332	-2.520000	3.430000	-2.030000	998.00	-0.021370	-0.068356	0.00	0.00	0.00	0.00	0.00	0.00	0.00	0.00	0.00	0.00	0.00	0.00	0.00	0.00	0.00	0.00	0.383789	0.066406	2.285645	-80.010002	19.320000	18.690001	0.00	0.000000	0.000000		
18.70	10.00	8.50	9.00	10.25	4.50	6.75	2.00	5.75	5.75	6.00	5.50	5.25	6.75	17.00	0.00	2.00	-0.228516	0.091797	0.961914	-3.850000	5.950000	-2.310000	1007.00	-0.015124	-0.059160	0.00	0.00	0.00	0.00	0.00	0.00	0.00	0.00	0.00	0.00	0.00	0.00	0.00	0.00	0.00	0.00	0.071777	0.351562	0.937012	-91.489998	-139.649994	105.419998	0.00	0.000000	0.000000		
18.80	10.00	8.50	9.00	9.50	4.25	6.50	2.00	5.00	6.25	5.75	5.50	5.50	6.25	17.75	0.50	2.00	-0.228027	0.080566	0.959473	-2.520000	4.690000	-1.890000	997.00	-0.007095	-0.050172	0.00	0.00	0.00	0.00	0.00	0.00	0.00	0.00	0.00	0.00	0.00	0.00	0.00	0.00	0.00	0.00	-0.621582	0.896484	1.286133	-133.210007	-220.500000	189.139999	0.00	0.000000	0.000000	25.00	
18.90	10.75	9.00	10.00	10.25	5.00	6.75	2.00	5.00	5.50	5.75	5.25	5.00	6.00	17.75	0.00	2.00	-0.225098	0.082031	0.960938	-1.540000	4.480000	-1.610000	1013.00	-0.023734	-0.049737	0.00	0.00	0.00	0.00	0.00	0.00	0.00	0.00	0.00	0.00	0.00	0.00	0.00	0.00	0.00	0.00	-0.995605	1.110352	1.015625	-27.090000	-118.440002	299.110016	0.00	0.000000	0.000000		
19.00	11.25	9.00	10.25	10.00	4.50	6.25	1.50	4.25	4.00	4.75	4.25	4.50	5.25	16.50	0.50	2.00	-0.227539	0.090332	0.963379	0.560000	4.830000	-1.330000	937.00	-0.040629	-0.051194	0.00	0.00	0.00	0.50	0.00	0.00	0.00	0.00	0.00	0.00	0.00	0.00	0.00	0.00	0.00	0.00	-2.406250	-0.995605	-0.250977	-87.430000	114.590004	-13.230000	5.00	0.000000	0.000000		
19.10	9.50	7.25	7.25	7.50	0.75	2.75	0.00	0.75	0.25	0.75	0.75	1.25	3.00	6.50	0.00	0.25	-0.228027	0.076172	0.956055	3.710000	8.190000	-2.870000	451.00	-0.168900	-0.060532	11.50	11.50	4.75	9.00	3.50	5.00	0.50	2.75	5.50	1.50	0.75	0.50	0.50	5.50	0.75	0.00	-0.174316	0.068359	0.992188	11.900000	14.420000	-0.560000	621.00	-0.146044	-0.037051		
19.20	5.00	3.00	0.00	0.00	0.00	0.25	0.00	0.00	0.00	0.00	0.00	0.25	0.00	0.00	0.00	0.00	-0.417969	-0.830566	1.083008	21.210001	-52.990002	-115.919998	77.00	-0.380602	-0.005587	12.25	12.00	7.75	9.50	5.50	7.00	1.25	5.00	7.00	2.50	1.50	1.50	2.00	7.00	1.00	0.75	-0.191895	0.066895	0.979004	-3.150000	-0.700000	1.890000	824.00	-0.109544	-0.046390		
19.30	1.00	0.00	0.00	0.00	0.00	0.00	0.00	0.00	0.00	0.00	0.00	0.00	0.00	0.00	0.00	0.00	-1.007324	-0.083008	0.640625	47.110001	-26.880001	-461.720001	9.00	0.000000	0.000000	12.25	11.75	7.00	9.75	6.00	7.00	1.75	5.00	7.50	3.00	1.50	1.50	2.00	6.75	1.25	1.25	-0.189941	0.056641	0.977539	-4.970000	-1.960000	1.680000	842.00	-0.100166	-0.043333		
19.40	1.50	1.50	0.25	0.00	0.00	0.00	0.00	0.00	0.00	0.00	0.00	0.00	0.00	0.00	0.00	0.00	-0.368652	-0.117188	1.083008	-30.309999	42.560001	-74.059998	29.00	0.000000	0.000000	11.75	11.50	7.50	9.25	5.75	7.00	2.25	3.75	8.00	2.50	1.75	2.00	1.75	6.25	1.25	1.25	-0.193848	0.048340	0.975586	-4.550000	-2.730000	1.890000	825.00	-0.097458	-0.032565		
19.50	1.25	1.25	0.00	0.50	0.00	0.00	0.00	0.00	0.00	0.00	0.00	0.00	0.00	0.00	0.00	0.00	-0.315430	0.347168	0.862793	-24.150000	18.129999	-179.899994	27.00	0.000000	0.000000	11.00	10.50	7.75	8.25	6.25	6.25	2.75	3.75	10.25	2.75	1.75	1.25	1.25	6.75	1.25	1.25	-0.199707	0.038574	0.968262	-3.850000	-2.030000	1.820000	828.00	-0.077070	-0.009055		
19.60	2.75	1.25	0.75	0.25	0.00	0.00	0.25	0.00	0.50	0.25	0.00	0.00	0.00	7.00	0.00	0.00	-0.037109	0.888184	2.558594	208.740005	32.200001	-0.700000	113.00	0.064655	0.119842	10.25	10.50	6.75	7.50	6.50	5.25	3.00	2.50	10.75	2.75	1.50	0.75	0.75	6.75	1.25	1.00	-0.205078	0.035645	0.982910	-5.460000	-1.050000	0.630000	776.00	-0.071608	0.011099		
19.70	9.50	7.75	9.25	8.25	3.75	2.00	2.00	2.50	4.00	4.75	4.00	2.75	4.00	20.75	0.75	0.50	-0.247559	0.067871	0.958984	4.060000	5.040000	3.780000	814.00	-0.005869	-0.005863	0.00	0.00	0.00	0.00	0.00	0.25	1.50	0.00	9.50	1.00	0.00	0.00	0.00	5.25	0.75	0.00	-0.207031	0.033691	1.018066	-22.190001	28.280001	-6.650000	195.00	0.270035	0.220125		
19.80	8.25	6.75	7.75	7.50	4.75	4.25	2.75	4.75	6.25	6.75	5.50	6.00	6.50	27.25	1.50	1.00	-0.244141	0.062012	0.964355	-1.260000	7.770000	-1.820000	1017.00	0.054024	-0.023056	1.00	0.25	0.00	0.00	0.00	0.00	0.00	0.00	0.00	0.25	0.00	0.00	0.00	0.00	0.00	0.00	-0.122559	0.300781	1.238281	-259.209991	-11.340000	62.650002	14.00	0.000000	0.000000		
19.90	6.50	5.25	5.25	5.00	2.50	0.50	2.25	2.50	6.75	7.50	6.00	6.00	5.75	30.25	4.25	1.00	-0.245117	0.065430	0.956543	-5.670000	15.820000	-5.740000	901.00	0.125422	0.006490	0.00	0.50	0.00	0.00	0.00	0.00	0.00	0.00	0.00	0.00	0.00	0.00	0.00	0.00	0.00	0.00	0.293457	-0.930664	1.151367	120.889999	-92.540001	240.029999	4.00	0.000000	0.000000		
20.00	3.50	1.50	3.25	1.50	1.00	0.25	1.50	0.25	6.75	7.25	5.50	5.25	4.50	30.00	5.00	1.00	-0.285645	0.063965	0.956543	-1.820000	7.980000	-3.010000	707.00	0.215245	0.042062	0.00	0.00	0.00	0.00	0.00	0.00	0.00	0.00	0.00	0.00	0.00	0.00	0.00	0.00	0.00	0.00	-0.902832	0.208008	0.036133	28.910000	70.349998	53.480000	0.00	0.000000	0.000000		
20.10	4.75	2.00	3.50	2.75	1.00	0.50	1.00	1.50	5.00	5.25	5.25	5.25	5.25	25.50	4.00	1.75	-0.276367	0.059082	0.982910	11.480000	3.360000	1.050000	674.00	0.168740	0.003705	7.75	7.25	2.50	5.25	3.00	0.50	1.75	0.25	8.75	0.50	1.00	0.00	0.00	6.75	0.75	0.25	-0.196777	0.085449	0.993652	3.710000	1.470000	6.440000	456.00	-0.053151	0.065048		
20.20	6.00	3.25	4.50	4.00	1.00	0.75	0.75	0.75	2.00	2.00	0.50	0.75	1.75	17.25	1.50	0.00	-0.251953	0.052734	0.957520	0.350000	0.210000	0.630000	427.00	0.040927	0.035504	6.25	5.75	2.50	3.25	2.25	0.50	1.75	0.50	7.50	1.75	1.00	0.00	0.25	6.25	1.25	0.75	-0.224121	0.032715	0.960938	-3.430000	-4.620000	0.210000	407.00	-0.014614	0.065689		
20.30	5.75	3.75	4.00	3.75	1.25	1.50	0.50	1.00	2.00	2.50	1.75	1.75	1.50	16.75	1.50	0.50	-0.254395	0.052246	0.957031	-1.400000	3.500000	-0.350000	454.00	0.047968	0.012584	8.25	8.25	3.75	5.00	2.75	1.75	1.25	0.50	6.50	1.25	0.75	0.25	0.25	5.25	1.25	0.50	-0.184082	0.046875	0.959961	0.630000	-6.440000	2.660000	462.00	-0.090434	0.027488		
20.40	6.25	4.50	4.25	4.25	1.00	1.75	0.50	1.50	2.00	3.25	2.50	2.75	3.50	17.50	1.25	0.50	-0.254883	0.068848	0.954590	0.700000	3.780000	-1.050000	523.00	0.046766	-0.016519	7.50	7.25	3.25	4.00	2.50	1.00	1.00	0.75	6.00	0.75	1.00	0.25	0.00	4.50	1.25	0.50	-0.209473	0.039551	0.972656	0.490000	-5.460000	2.030000	405.00	-0.086227	0.030741		
20.50	6.00	4.00	3.00	4.00	1.00	1.75	0.25	2.00	2.00	3.75	3.50	4.25	4.00	19.50	1.75	1.00	-0.258301	0.067871	0.954102	-1.050000	6.860000	-2.240000	560.00	0.084278	-0.031551	6.75	6.50	3.00	3.50	2.25	1.50	1.25	0.75	6.75	1.00	0.50	0.00	0.00	5.75	1.25	1.00	-0.216797	0.038086	0.979980	-2.450000	-1.890000	0.280000	407.00	-0.052329	0.043778		
20.60	5.75	2.75	3.50	4.50	1.00	1.50	0.50	2.75	2.50	4.75	3.25	4.00	4.00	21.00	3.00	0.75	-0.255859	0.077148	0.970703	-1.400000	8.400000	-2.940000	602.00	0.103596	-0.024406	8.25	8.25	3.50	4.50	2.25	1.50	0.75	0.75	6.25	0.50	0.50	0.25	0.00	5.75	1.25	1.00	-0.186523	0.036133	0.971680	0.560000	-5.530000	0.350000	436.00	-0.092133	0.024692		
20.70	7.25	4.75	5.50	5.00	1.25	2.00	0.75	2.25	2.50	2.75	2.50	3.75	3.75	20.25	2.00	1.00	-0.233887	0.062500	0.959473	-5.530000	-1.610000	-3.010000	618.00	0.047133	-0.019869	9.25	9.25	3.75	5.50	2.75	2.00	0.50	0.50	5.00	0.25	0.25	0.00	0.25	5.25	1.25	1.00	-0.185059	0.040039	0.963867	-1.470000	-1.610000	-0.350000	445.00	-0.133411	0.006619		
20.80	8.50	5.75	6.50	5.75	2.00	3.50	0.75	2.25	1.50	1.50	1.75	1.75	3.25	17.00	0.75	1.00	-0.250488	0.062012	0.947754	-2.660000	2.870000	-1.190000	586.00	-0.025411	-0.027209	9.75	9.25	4.50	5.50	2.75	2.50	0.75	0.75	6.25	1.00	0.75	0.25	0.25	6.00	1.00	1.25	-0.209961	0.033203	0.967773	-3.360000	-1.610000	-0.980000	503.00	-0.108894	0.012736		
20.90	11.00	7.00	9.25	7.00	3.00	3.50	1.00	2.50	2.25	2.00	2.00	1.25	2.25	13.00	0.50	0.75	-0.241211	0.052246	0.956543	-1.890000	4.270000	-1.190000	647.00	-0.082917	-0.019641	10.75	10.25	5.25	5.75	3.25	2.75	1.00	1.25	5.50	0.75	0.75	0.25	0.25	4.50	0.75	1.50	-0.200684	0.031738	0.970703	-1.750000	-3.920000	-0.630000	525.00	-0.140825	-0.001863		
21.00	12.75	8.75	10.50	8.50	3.75	3.75	0.75	2.50	0.75	1.50	1.25	1.00	1.75	10.75	0.50	0.00	-0.233398	0.056641	0.962402	-0.630000	4.480000	-1.050000	655.00	-0.141924	-0.031227	11.00	10.25	5.75	6.50	3.75	3.50	0.75	1.25	4.75	1.00	1.00	0.25	0.25	3.75	0.75	1.50	-0.191406	0.040039	0.979004	-1.540000	-4.410000	-0.000000	539.00	-0.155970	-0.015140		
21.10	11.50	7.50	9.00	7.00	3.00	3.50	0.75	1.75	0.75	1.75	1.00	1.75	1.75	11.00	0.50	0.50	-0.231934	0.057129	0.960449	-1.400000	6.090000	-0.840000	593.00	-0.119127	-0.026657	9.75	9.50	4.50	6.00	3.00	2.75	0.50	0.75	4.75	0.25	0.25	0.00	0.00	3.25	1.00	1.25	-0.187012	0.041992	0.967773	-1.330000	-3.640000	0.910000	456.00	-0.164863	-0.007560		
21.20	11.75	7.50	9.50	7.25	3.00	3.50	0.75	1.75	0.75	1.75	1.25	1.50	1.75	12.50	0.25	0.00	-0.235352	0.049805	0.959473	-2.170000	4.340000	-1.470000	610.00	-0.115922	-0.019940	10.00	9.25	5.00	5.50	3.00	2.50	0.75	1.00	5.25	0.50	0.50	0.50	0.25	5.25	1.00	1.75	-0.194336	0.037598	0.968262	-1.470000	-1.960000	0.210000	497.00	-0.127327	0.000133		
21.30	12.25	8.00	9.50	7.50	3.00	3.25	0.75	2.00	1.00	1.75	1.25	1.25	1.75	13.50	0.25	0.00	-0.240234	0.051758	0.958496	-1.680000	4.690000	-0.980000	631.00	-0.112983	-0.016916	10.00	9.25	5.00	5.50	2.75	3.00	1.00	1.00	5.25	0.75	0.75	0.25	0.50	5.25	1.50	1.50	-0.188477	0.036621	0.972168	-1.540000	-3.150000	0.700000	511.00	-0.119355	-0.001835		
21.40	12.25	8.00	9.50	7.50	2.75	2.00	0.75	1.00	1.25	2.00	1.00	0.50	0.75	13.25	0.75	0.00	-0.233398	0.056152	0.959961	-2.450000	5.670000	-0.910000	592.00	-0.117778	0.007347	10.50	9.75	5.00	6.00	2.50	1.75	0.75	0.50	4.25	0.75	0.50	0.00	0.00	3.75	1.00	1.50	-0.196777	0.043457	0.970215	-1.260000	-5.670000	1.330000	462.00	-0.163745	0.001587		
21.50	12.00	8.25	9.50	7.75	2.75	2.00	0.75	0.75	0.75	2.00	0.00	0.25	0.50	11.50	0.75	0.00	-0.237793	0.052734	0.951660	-1.890000	5.390000	-0.630000	558.00	-0.144480	0.005768	11.75	11.25	4.50	5.75	2.25	1.50	0.25	0.25	2.50	0.25	0.25	0.00	0.00	1.75	0.75	0.50	-0.187988	0.039551	0.973145	-0.840000	-9.450000	2.030000	412.00	-0.241906	-0.015911		
21.60	12.75	9.25	9.50	7.75	2.25	1.50	0.50	0.75	0.25	2.00	0.00	0.00	0.00	9.00	0.00	0.00	-0.237305	0.049316	0.958008	-0.770000	4.480000	-0.420000	520.00	-0.191268	0.001599	11.75	12.00	4.50	5.75	2.00	1.25	0.00	0.00	0.75	0.00	0.00	0.00	0.00	1.00	0.00	0.75	-0.167969	0.048340	0.965820	-0.350000	-10.290000	0.980000	369.00	-0.307051	-0.035308		
21.70	13.00	9.25	10.00	8.75	2.25	2.00	0.50	0.75	0.50	1.75	0.25	0.25	0.25	8.25	0.25	0.00	-0.239258	0.056641	0.964844	0.350000	5.110000	-0.140000	547.00	-0.192636	-0.008321	11.75	11.75	3.50	5.75	1.50	0.25	0.00	0.00	0.75	0.25	0.00	0.00	0.00	0.00	0.25	0.25	-0.162109	0.039551	0.976074	0.070000	-8.820000	0.700000	336.00	-0.327608	-0.035199		
21.80	12.50	9.50	9.00	8.50	1.75	1.50	0.25	0.75	0.50	1.00	0.00	0.00	0.25	6.25	0.00	0.00	-0.232422	0.057617	0.954590	2.100000	4.130000	-0.280000	488.00	-0.225307	-0.015575	10.50	10.50	2.50	4.50	0.75	0.25	0.00	0.00	0.25	0.00	0.00	0.00	0.00	0.25	0.00	0.25	-0.145020	0.052734	0.960449	0.840000	-8.890000	-0.420000	275.00	-0.349465	-0.040684		
21.90	13.25	10.25	9.50	9.75	1.75	3.00	0.25	0.75	0.00	0.50	0.00	0.00	0.50	6.25	0.00	0.00	-0.229980	0.065430	0.951172	-0.490000	3.080000	-0.700000	525.00	-0.238021	-0.032707	9.75	10.00	2.00	4.00	0.50	0.00	0.00	0.00	0.50	0.00	0.00	0.00	0.00	0.50	0.00	0.00	-0.156250	0.041504	0.974609	0.070000	-4.480000	-0.420000	252.00	-0.344355	-0.033705		
22.00	13.50	11.00	10.00	10.75	2.25	3.75	0.25	1.00	0.50	1.00	0.00	0.00	0.75	6.50	0.00	0.00	-0.224121	0.070801	0.960449	-2.240000	3.010000	-0.490000	580.00	-0.225685	-0.037068	10.75	11.00	2.00	5.75	0.75	0.75	0.00	0.00	0.25	0.00	0.00	0.25	0.00	0.75	0.00	0.25	-0.129395	0.067871	0.958496	-6.300000	0.490000	-0.840000	300.00	-0.331986	-0.054241		
22.10	14.25	11.00	11.50	10.75	3.00	3.50	0.50	1.25	0.75	1.25	0.25	0.00	0.25	9.00	0.00	0.00	-0.229980	0.067383	0.965820	-5.670000	4.760000	-1.610000	637.00	-0.202108	-0.019952	10.75	10.25	2.50	5.00	1.00	0.75	0.00	0.00	0.50	0.00	0.00	0.00	0.00	0.50	0.00	0.00	-0.147949	0.051270	0.977539	-3.500000	-7.700000	0.910000	291.00	-0.334752	-0.038950		
22.20	14.75	11.25	11.75	10.75	3.25	3.00	0.75	1.00	0.75	1.25	0.00	0.00	0.50	9.50	0.00	0.00	-0.230957	0.055176	0.961914	-3.710000	4.690000	-1.050000	648.00	-0.200842	-0.013204	11.50	11.00	3.00	5.50	0.75	0.50	0.00	0.00	0.00	0.00	0.00	0.00	0.00	0.00	0.00	0.00	-0.125488	0.053223	0.957520	0.350000	-15.470000	1.750000	300.00	-0.360947	-0.047033		
22.30	14.00	10.50	11.00	9.25	3.00	0.75	0.75	0.00	1.00	1.00	0.00	0.00	0.00	9.00	0.00	0.00	-0.234863	0.054688	0.967285	-6.090000	7.770000	-2.100000	566.00	-0.205885	0.013507	13.50	13.50	4.00	6.50	1.00	0.75	0.00	0.00	0.00	0.00	0.00	0.00	0.00	0.25	0.00	0.00	-0.119629	0.051270	0.970703	0.700000	-5.110000	0.980000	367.00	-0.354528	-0.046482		
22.40	10.00	4.00	6.50	0.25	0.75	0.00	0.75	0.00	2.75	1.75	0.00	0.00	0.00	8.25	0.00	0.00	-0.240234	0.040039	0.973145	-24.990000	14.910000	-7.980000	329.00	-0.096051	0.105201	17.25	17.75	6.50	9.25	2.50	2.50	0.00	0.50	0.50	0.00	0.00	0.00	0.00	0.75	0.00	0.00	-0.130371	0.046387	0.968262	-1.680000	5.880000	1.750000	541.00	-0.324617	-0.050451		
22.50	5.00	0.00	0.00	0.25	0.00	0.00	0.00	0.00	2.50	1.50	0.00	0.00	0.00	5.00	0.00	0.00	-0.295410	-0.026367	0.994141	-111.160004	11.060000	-41.790001	133.00	0.055745	0.155261	16.75	17.50	7.25	10.75	3.50	5.75	0.25	1.00	2.50	0.00	0.00	0.00	0.00	2.00	0.00	0.25	-0.147949	0.058594	0.984863	-1.610000	6.370000	1.400000	644.00	-0.270752	-0.050162		
22.60	0.00	0.25	0.00	0.50	0.00	0.00	0.00	0.00	0.00	0.00	0.00	0.00	0.00	0.00	0.00	0.00	-0.468262	0.066406	1.031250	16.309999	22.610001	-131.600006	7.00	0.000000	0.000000	17.25	17.75	8.25	10.50	4.00	6.00	0.25	1.50	3.00	0.25	0.50	0.25	0.00	2.00	0.25	0.25	-0.156250	0.058105	0.976074	-1.470000	-2.870000	2.030000	691.00	-0.254074	-0.048382		
22.70	4.75	1.00	0.00	0.25	0.00	0.00	0.00	0.00	0.00	0.00	0.00	0.00	0.00	0.00	0.00	0.00	0.171875	0.146484	1.038574	57.959999	4.340000	66.360001	56.00	-0.400251	0.052546	16.75	17.50	7.00	10.50	3.50	6.00	0.25	1.00	2.00	0.25	0.25	0.25	0.00	1.25	0.25	0.00	-0.155273	0.058594	0.969727	0.490000	-4.130000	0.980000	638.00	-0.274548	-0.056392		
22.80	1.50	1.25	0.00	0.25	0.00	0.00	0.00	0.00	0.00	0.00	0.00	0.00	0.00	0.00	0.00	0.00	0.144531	-0.099121	1.025391	63.349998	-35.770000	-36.680000	27.00	0.000000	0.000000	17.00	17.75	7.00	10.75	3.75	5.75	0.25	1.25	2.25	0.00	0.50	0.50	0.00	1.25	0.00	0.25	-0.157227	0.062012	0.976074	-1.400000	-3.990000	0.700000	653.00	-0.271144	-0.057723		
22.90	3.00	0.50	0.00	0.00	0.00	0.00	0.00	0.00	0.00	0.00	0.00	0.00	0.00	0.00	0.00	0.00	-0.398926	-0.191895	1.117676	28.000000	-27.510000	83.510002	33.00	0.000000	0.000000	16.50	17.75	7.25	10.25	3.75	5.75	0.25	1.00	2.75	0.00	0.00	0.25	0.00	1.25	0.25	0.00	-0.159668	0.060059	0.972656	-3.920000	-1.470000	-0.140000	642.00	-0.270692	-0.050424		
23.00	9.50	7.75	5.75	6.50	0.00	0.25	0.00	0.00	0.00	0.00	0.00	0.00	0.00	0.50	0.00	0.00	-0.301270	-0.847168	1.495605	-0.000000	68.040001	20.299999	285.00	-0.338266	-0.036618	15.25	15.50	7.00	9.75	4.00	5.00	0.25	1.25	3.25	0.50	0.50	0.00	0.00	2.00	0.50	0.25	-0.164062	0.060059	0.977051	-3.640000	0.000000	-0.840000	625.00	-0.241860	-0.041981		
23.10	12.50	10.75	9.00	10.75	1.25	2.50	0.25	1.00	0.25	1.00	0.50	0.50	0.75	5.75	0.00	0.00	-0.234863	0.102051	0.959961	-0.840000	4.550000	-2.310000	536.00	-0.226343	-0.045032	9.00	7.75	4.00	2.75	1.50	1.25	0.50	0.25	2.75	0.00	0.00	0.00	0.00	1.50	0.25	0.00	-0.172852	0.043457	0.978027	-6.860000	1.750000	-2.520000	304.00	-0.228163	0.015329		
