3 0.79140625 0.21328125 0.3140625 0.0796875
3 0.82109375 0.2796875 0.24609375 0.09453125
3 0.7296875 0.35234375 0.440625 0.06484375
3 0.7046875 0.4171875 0.540625 0.07578125
3 0.65859375 0.50078125 0.575 0.07421875
3 0.615625 0.58125 0.6671875 0.08125
3 0.59453125 0.67421875 0.6875 0.0921875
3 0.515625 0.77890625 0.85234375 0.0828125
3 0.428125 0.721875 0.7703125 0.09296875
3 0.3625 0.6296875 0.64140625 0.0828125
3 0.30625 0.5296875 0.52578125 0.07890625
3 0.24375 0.44453125 0.40703125 0.07109375
3 0.17265625 0.35390625 0.253125 0.0796875
3 0.22265625 0.28203125 0.35859375 0.06640625
3 0.165625 0.221875 0.259375 0.06796875
3 0.5125 0.24296875 0.253125 0.0859375