2 0.0421875 0.23671875 0.04765625 0.4734375
2 0.05078125 0.74765625 0.0625 0.49296875
2 0.1296875 0.7578125 0.065625 0.45546875
2 0.20390625 0.75078125 0.04921875 0.4984375
2 0.265625 0.75546875 0.0421875 0.4890625
2 0.32109375 0.75078125 0.0453125 0.4984375
2 0.384375 0.75546875 0.05234375 0.4890625
2 0.165625 0.2546875 0.05859375 0.509375
2 0.1 0.26328125 0.05546875 0.5015625
2 0.30234375 0.2421875 0.0515625 0.484375
2 0.3546875 0.24609375 0.04375 0.4921875
2 0.41484375 0.24453125 0.04765625 0.4890625
2 0.47578125 0.7546875 0.09296875 0.490625
2 0.55390625 0.75078125 0.05078125 0.4984375
2 0.60703125 0.74140625 0.04375 0.50546875
2 0.6671875 0.75078125 0.0578125 0.4984375
2 0.7265625 0.75546875 0.05234375 0.4890625
2 0.79609375 0.75234375 0.059375 0.49453125
2 0.87265625 0.73984375 0.07109375 0.51953125
2 0.94296875 0.74609375 0.05234375 0.50703125
2 0.94453125 0.2484375 0.06328125 0.49609375
2 0.80703125 0.24453125 0.046875 0.4890625
2 0.65859375 0.2484375 0.0734375 0.496875