4 0.05234375 0.5015625 0.10078125 0.79140625
4 0.15703125 0.50078125 0.0921875 0.75234375
4 0.25625 0.5 0.090625 0.71796875
4 0.34921875 0.50078125 0.0875 0.6640625
4 0.44296875 0.50078125 0.0875 0.63828125
4 0.53046875 0.50234375 0.08515625 0.5953125
4 0.6078125 0.503125 0.07890625 0.55625
4 0.6875 0.5046875 0.0703125 0.51015625
4 0.7609375 0.5046875 0.06796875 0.47578125
4 0.82109375 0.50546875 0.06484375 0.43125
4 0.88671875 0.50234375 0.06328125 0.40859375
4 0.94765625 0.50546875 0.05625 0.38828125