4 0.90625 0.50234375 0.17265625 0.4359375
4 0.81015625 0.48828125 0.140625 0.41953125
4 0.73046875 0.48046875 0.1390625 0.4046875
4 0.640625 0.4703125 0.103125 0.378125
4 0.55859375 0.47734375 0.09765625 0.35859375
4 0.48046875 0.4765625 0.07109375 0.3359375
4 0.4046875 0.47890625 0.0765625 0.30078125
4 0.3390625 0.4890625 0.084375 0.284375
4 0.271875 0.49765625 0.08828125 0.2609375
4 0.215625 0.5140625 0.08984375 0.24921875
4 0.17109375 0.5328125 0.09140625 0.2234375
4 0.12890625 0.5453125 0.0875 0.2046875
4 0.0859375 0.5671875 0.08984375 0.18359375
4 0.053125 0.5828125 0.0875 0.1671875