3 0.17578125 0.3296875 0.05390625 0.540625
3 0.0921875 0.61171875 0.08984375 0.70625
3 0.225 0.69765625 0.07421875 0.54609375
3 0.278125 0.37265625 0.1046875 0.70390625
3 0.375 0.5859375 0.0890625 0.71171875
3 0.43671875 0.31796875 0.08125 0.52265625
3 0.4921875 0.7 0.0640625 0.53046875
3 0.55703125 0.31015625 0.0875 0.55390625
3 0.60390625 0.6421875 0.0671875 0.65703125
3 0.6609375 0.2796875 0.0765625 0.4765625
3 0.70703125 0.67578125 0.0703125 0.55390625
3 0.7703125 0.4125 0.0859375 0.72734375
3 0.8484375 0.71953125 0.07578125 0.50234375
3 0.89921875 0.32890625 0.05859375 0.52265625