4 0.2234375 0.284375 0.1328125 0.459375
4 0.34765625 0.2703125 0.12421875 0.42734375
4 0.46953125 0.26328125 0.12109375 0.4234375
4 0.57578125 0.24375 0.10234375 0.384375
4 0.6765625 0.23984375 0.09140625 0.3640625
4 0.76328125 0.21640625 0.08203125 0.33125
4 0.7828125 0.70859375 0.128125 0.48359375
4 0.659375 0.7203125 0.121875 0.4578125
4 0.53828125 0.721875 0.10859375 0.4421875
4 0.42734375 0.734375 0.10859375 0.41796875
4 0.32578125 0.74140625 0.10078125 0.40625
4 0.2234375 0.75078125 0.0984375 0.384375