2 0.240625 0.13203125 0.37578125 0.21640625
2 0.70546875 0.3859375 0.5328125 0.3890625
4 0.10546875 0.62890625 0.1125 0.7421875
4 0.2 0.63359375 0.09921875 0.65703125
4 0.2875 0.69375 0.0953125 0.609375
4 0.3671875 0.71015625 0.078125 0.57734375
4 0.44140625 0.7265625 0.0796875 0.54609375
4 0.5140625 0.7375 0.0765625 0.5078125
4 0.57421875 0.74921875 0.07109375 0.490625
4 0.63828125 0.76953125 0.0734375 0.45234375
4 0.69609375 0.790625 0.06328125 0.40625
4 0.7515625 0.81015625 0.06171875 0.37421875
4 0.803125 0.821875 0.05625 0.35625
4 0.85234375 0.828125 0.05859375 0.334375
4 0.89140625 0.853125 0.05234375 0.27265625
4 0.92890625 0.86875 0.05078125 0.2625