4 0.81328125 0.5125 0.115625 0.559375
4 0.7375 0.509375 0.08203125 0.43828125
4 0.6734375 0.4984375 0.07578125 0.40234375
4 0.60625 0.4796875 0.075 0.3875
4 0.54296875 0.46875 0.06875 0.3640625
4 0.4890625 0.478125 0.05625 0.3234375
4 0.43984375 0.465625 0.05 0.284375
4 0.3921875 0.46640625 0.05 0.27109375
4 0.34453125 0.46015625 0.05 0.259375
4 0.29921875 0.4609375 0.04375 0.2546875
4 0.2609375 0.46875 0.03984375 0.20390625
4 0.22265625 0.4609375 0.03359375 0.2
4 0.1828125 0.4671875 0.0375 0.18203125
4 0.15 0.46875 0.03125 0.1546875
4 0.12265625 0.46171875 0.03125 0.1546875
4 0.0859375 0.4484375 0.02578125 0.13984375