4 0.8765625 0.4125 0.10625 0.2109375
4 0.08359375 0.63203125 0.04609375 0.0859375
4 0.1203125 0.6125 0.0390625 0.07890625
4 0.17421875 0.59140625 0.04296875 0.084375
4 0.21796875 0.57421875 0.04921875 0.09296875
4 0.2765625 0.55859375 0.05625 0.09296875
4 0.3234375 0.5390625 0.06171875 0.0890625
4 0.3765625 0.5265625 0.059375 0.1046875
4 0.428125 0.51015625 0.059375 0.103125
4 0.48515625 0.49140625 0.06875 0.1078125
4 0.54296875 0.4828125 0.07890625 0.1171875
4 0.61796875 0.45859375 0.075 0.12890625
4 0.68671875 0.43515625 0.08515625 0.16796875
4 0.77109375 0.4203125 0.090625 0.1609375