4 0.11484375 0.42109375 0.0484375 0.459375
4 0.1671875 0.4234375 0.04140625 0.4515625
4 0.21875 0.41484375 0.0390625 0.39765625
4 0.26640625 0.4140625 0.034375 0.36171875
4 0.30859375 0.4109375 0.03125 0.33671875
4 0.346875 0.40703125 0.0375 0.31953125
4 0.3859375 0.415625 0.03515625 0.3125
4 0.42265625 0.4234375 0.03125 0.275
3 0.53984375 0.0859375 0.34453125 0.10078125
3 0.33515625 0.65625 0.21015625 0.07265625
3 0.6109375 0.584375 0.03671875 0.4828125
3 0.45234375 0.80078125 0.2296875 0.09140625
3 0.4796875 0.90078125 0.209375 0.08671875
3 0.75 0.78828125 0.02578125 0.28125
3 0.775 0.64140625 0.0234375 0.34765625
3 0.80546875 0.7515625 0.040625 0.41015625
3 0.82109375 0.57890625 0.0234375 0.3109375
3 0.8484375 0.7203125 0.02890625 0.31328125
3 0.58828125 0.190625 0.23203125 0.07421875
3 0.5515625 0.5609375 0.03671875 0.39765625