4 0.91171875 0.51328125 0.1390625 0.57890625
4 0.81875 0.52109375 0.10390625 0.540625
4 0.72578125 0.53203125 0.096875 0.53359375
4 0.64140625 0.55 0.096875 0.49765625
4 0.553125 0.56640625 0.08125 0.46484375
4 0.47890625 0.57734375 0.07421875 0.42890625
4 0.409375 0.59375 0.0796875 0.3984375
4 0.35234375 0.6171875 0.0703125 0.36015625
4 0.2796875 0.62734375 0.07421875 0.328125
4 0.22265625 0.6484375 0.05703125 0.30234375
4 0.175 0.665625 0.053125 0.2734375
4 0.11796875 0.68515625 0.0484375 0.246875
4 0.04921875 0.7109375 0.0546875 0.19765625