0 0.3296875 0.42578125 0.1796875 0.31171875
2 0.52734375 0.5640625 0.06875 0.321875
2 0.5890625 0.61015625 0.059375 0.215625
2 0.653125 0.60390625 0.0546875 0.23046875
3 0.0453125 0.8515625 0.03828125 0.14609375
3 0.08125 0.86015625 0.040625 0.2796875
3 0.11953125 0.8453125 0.03828125 0.30859375
3 0.15625 0.8625 0.0390625 0.275
3 0.190625 0.8546875 0.0375 0.290625
3 0.22734375 0.85 0.0390625 0.3
3 0.29375 0.8515625 0.040625 0.296875
3 0.33046875 0.8546875 0.0390625 0.290625
3 0.36796875 0.8625 0.03359375 0.275
3 0.39921875 0.865625 0.0296875 0.26875