4 0.78125 0.26015625 0.09296875 0.36171875
4 0.66640625 0.60625 0.07109375 0.1734375
4 0.72265625 0.609375 0.05859375 0.16171875
4 0.77421875 0.6171875 0.0484375 0.14609375
4 0.8265625 0.62265625 0.0453125 0.1328125
4 0.86796875 0.634375 0.04140625 0.12734375
4 0.9078125 0.63203125 0.0359375 0.10234375
4 0.790625 0.74921875 0.38671875 0.0625
4 0.7890625 0.8140625 0.38046875 0.05703125
4 0.80546875 0.86953125 0.34453125 0.05078125
4 0.8125 0.9203125 0.33359375 0.05078125
4 0.825 0.96171875 0.29765625 0.046875
2 0.8859375 0.2328125 0.096875 0.43046875
2 0.33359375 0.8265625 0.11171875 0.29921875
2 0.42734375 0.834375 0.109375 0.28203125
2 0.525 0.84453125 0.1046875 0.284375
2 0.5484375 0.23515625 0.10390625 0.440625
3 0.42734375 0.48125 0.35234375 0.0484375
3 0.40546875 0.53359375 0.3921875 0.05703125
3 0.2 0.56015625 0.3109375 0.046875
3 0.4109375 0.590625 0.36796875 0.05078125
3 0.22109375 0.61875 0.353125 0.05
3 0.38828125 0.65546875 0.42734375 0.0640625
3 0.1546875 0.81875 0.0484375 0.30390625
1 0.6921875 0.228125 0.16953125 0.4390625