3 0.63828125 0.0296875 0.28671875 0.059375
3 0.675 0.1046875 0.33125 0.10625
3 0.8015625 0.06328125 0.25234375 0.090625
3 0.67734375 0.19921875 0.34140625 0.08828125
3 0.82421875 0.15625 0.2046875 0.06953125
3 0.709375 0.2765625 0.175 0.0671875
3 0.8609375 0.265625 0.13671875 0.075
3 0.71015625 0.35234375 0.40234375 0.11875
3 0.140625 0.065625 0.28125 0.1109375
3 0.1875 0.16640625 0.375 0.1171875
3 0.2265625 0.2734375 0.453125 0.11875
3 0.48984375 0.82734375 0.06640625 0.3453125
3 0.5546875 0.82734375 0.06328125 0.3453125
3 0.61328125 0.83125 0.05859375 0.3375
3 0.65859375 0.82734375 0.05 0.3453125
3 0.7015625 0.83515625 0.040625 0.3296875
3 0.74296875 0.8359375 0.0421875 0.328125
3 0.875 0.80390625 0.0390625 0.25625
3 0.184375 0.4578125 0.32421875 0.1140625
3 0.18125 0.51875 0.31015625 0.06953125
3 0.20234375 0.565625 0.3140625 0.08515625
3 0.72890625 0.50078125 0.3109375 0.1109375
3 0.56484375 0.43125 0.371875 0.06953125
3 0.55703125 0.528125 0.30390625 0.06171875
3 0.5546875 0.6265625 0.28515625 0.0828125