3 0.3953125 0.76796875 0.7015625 0.0984375
3 0.68046875 0.72421875 0.6203125 0.0828125
3 0.49140625 0.665625 0.296875 0.06875
3 0.5640625 0.62578125 0.28359375 0.065625
3 0.81484375 0.62265625 0.16796875 0.07421875
3 0.2015625 0.64453125 0.1703125 0.08828125
3 0.19140625 0.5640625 0.3328125 0.1140625
3 0.18515625 0.48828125 0.28984375 0.11171875
3 0.20078125 0.440625 0.3640625 0.18125
3 0.2015625 0.3765625 0.34296875 0.19296875
3 0.23046875 0.32265625 0.25390625 0.19140625
3 0.31796875 0.31015625 0.2671875 0.2828125
3 0.35859375 0.28671875 0.1328125 0.21015625
3 0.4203125 0.28984375 0.10859375 0.296875
3 0.490625 0.29140625 0.06796875 0.303125
3 0.575 0.284375 0.13046875 0.27109375
3 0.67265625 0.27265625 0.19296875 0.18828125
3 0.74296875 0.30390625 0.27734375 0.18828125
3 0.79140625 0.3484375 0.3078125 0.1625
3 0.7796875 0.42109375 0.421875 0.1859375
3 0.82109375 0.4796875 0.34453125 0.1203125
3 0.83046875 0.55 0.2859375 0.1