3 0.86484375 0.48359375 0.04609375 0.2234375
3 0.8296875 0.50234375 0.0390625 0.29921875
3 0.79296875 0.49765625 0.04453125 0.3765625
3 0.73671875 0.496875 0.0390625 0.28359375
3 0.70546875 0.4921875 0.034375 0.30078125
3 0.671875 0.50859375 0.0390625 0.3421875
3 0.64140625 0.49375 0.04296875 0.3203125
3 0.5828125 0.4796875 0.0546875 0.28359375
3 0.5421875 0.5078125 0.0359375 0.2578125
3 0.5125 0.5 0.0296875 0.3078125
3 0.48046875 0.5234375 0.04296875 0.38046875
3 0.45 0.5375 0.0375 0.34375
3 0.41796875 0.55390625 0.0328125 0.38515625
3 0.3890625 0.5546875 0.0375 0.48203125
3 0.3265625 0.50546875 0.0328125 0.25390625
3 0.2921875 0.5 0.034375 0.23046875
3 0.26640625 0.5046875 0.03828125 0.234375
3 0.23984375 0.5140625 0.04453125 0.24921875
3 0.20625 0.50546875 0.04921875 0.28828125
3 0.153125 0.4625 0.04296875 0.2796875
3 0.1234375 0.49140625 0.03984375 0.24296875
3 0.096875 0.5109375 0.034375 0.26875
3 0.065625 0.5171875 0.0234375 0.26875
3 0.0375 0.51640625 0.03203125 0.28828125