4 0.86875 0.215625 0.04609375 0.28359375
4 0.78671875 0.1609375 0.0359375 0.20703125
4 0.74375 0.1734375 0.034375 0.22890625
4 0.70078125 0.18828125 0.04140625 0.24375
4 0.66328125 0.18046875 0.03828125 0.2359375
4 0.62421875 0.196875 0.0375 0.25
4 0.58125 0.21015625 0.04296875 0.28828125
4 0.5375 0.2234375 0.04375 0.303125
4 0.3734375 0.21953125 0.0328125 0.29375
4 0.328125 0.22734375 0.040625 0.325
4 0.2875 0.24140625 0.0375 0.35
4 0.24765625 0.25234375 0.03984375 0.39296875
4 0.2046875 0.27265625 0.04140625 0.4296875
4 0.159375 0.278125 0.04375 0.453125
4 0.671875 0.5109375 0.0546875 0.33984375
4 0.634375 0.51328125 0.04296875 0.3234375
4 0.59765625 0.53046875 0.0375 0.31328125
4 0.5671875 0.53828125 0.0453125 0.28515625
4 0.5296875 0.56328125 0.0421875 0.3
4 0.48984375 0.575 0.0359375 0.28203125
4 0.4546875 0.5859375 0.03203125 0.25859375
4 0.42421875 0.59453125 0.034375 0.25
4 0.39296875 0.6078125 0.0359375 0.23515625
4 0.3546875 0.6234375 0.0375 0.22734375
4 0.3203125 0.63984375 0.0296875 0.2125
4 0.29140625 0.65390625 0.028125 0.19765625
4 0.259375 0.66328125 0.028125 0.1890625
4 0.22421875 0.67890625 0.03125 0.17265625
4 0.18828125 0.68984375 0.02734375 0.1625
4 0.7765625 0.44453125 0.04375 0.1828125
4 0.81328125 0.4515625 0.0375 0.15546875
4 0.83984375 0.46640625 0.03359375 0.1328125
4 0.8671875 0.478125 0.0296875 0.140625
4 0.9015625 0.48984375 0.028125 0.12578125
4 0.93359375 0.49375 0.028125 0.1375
3 0.69375 0.85 0.0359375 0.3
3 0.75703125 0.83828125 0.0390625 0.3234375