1 0.925 0.853125 0.109375 0.29296875
1 0.834375 0.83125 0.096875 0.2765625
1 0.90234375 0.309375 0.08984375 0.26875
1 0.5984375 0.36171875 0.10390625 0.30078125
1 0.59375 0.65703125 0.1125 0.3203125
1 0.596875 0.90234375 0.103125 0.1953125
1 0.703125 0.63828125 0.08515625 0.26640625
1 0.803125 0.38984375 0.08515625 0.303125
1 0.42109375 0.15390625 0.0984375 0.3078125
1 0.4921875 0.3828125 0.10859375 0.33515625
1 0.42265625 0.553125 0.0984375 0.31796875
1 0.4828125 0.71796875 0.109375 0.33125
1 0.42890625 0.90546875 0.08828125 0.18828125
1 0.33828125 0.80703125 0.1265625 0.32578125
1 0.253125 0.740625 0.10546875 0.29296875
1 0.33515625 0.478125 0.0953125 0.3578125
1 0.23359375 0.40390625 0.1 0.28203125
1 0.16484375 0.63984375 0.09140625 0.3234375
1 0.06875 0.65078125 0.1 0.30703125
1 0.0546875 0.3765625 0.10859375 0.2765625
1 0.8953125 0.5859375 0.10703125 0.2609375
1 0.96484375 0.59296875 0.0703125 0.29609375
1 0.978125 0.3109375 0.04375 0.30703125
1 0.71171875 0.90390625 0.09609375 0.1921875
1 0.16796875 0.9171875 0.10390625 0.165625
1 0.0671875 0.89609375 0.10390625 0.2078125