1 0.1421875 0.328125 0.1171875 0.4109375
1 0.221875 0.275 0.1015625 0.39765625
1 0.3078125 0.34453125 0.11015625 0.434375
1 0.38203125 0.30390625 0.1046875 0.4734375
1 0.4953125 0.3984375 0.1609375 0.4828125
1 0.6265625 0.33828125 0.11953125 0.45078125
1 0.6921875 0.284375 0.10546875 0.45703125
1 0.77734375 0.3234375 0.13828125 0.4296875
1 0.85703125 0.26875 0.10703125 0.45078125
2 0.11796875 0.85859375 0.0796875 0.28203125
2 0.19296875 0.86328125 0.0921875 0.2734375
2 0.2828125 0.865625 0.096875 0.26875