1 0.68125 0.42734375 0.1015625 0.2796875
1 0.95 0.39609375 0.09921875 0.2703125
1 0.95390625 0.909375 0.0921875 0.18125
1 0.609375 0.95078125 0.08203125 0.0984375
1 0.51640625 0.940625 0.05703125 0.10703125
1 0.1109375 0.17734375 0.046875 0.12578125
1 0.15859375 0.1921875 0.0390625 0.16015625
1 0.08359375 0.13984375 0.065625 0.15078125
1 0.0484375 0.17421875 0.05 0.15390625
1 0.03046875 0.34921875 0.0515625 0.165625
1 0.0953125 0.3390625 0.05 0.1375
1 0.11953125 0.3859375 0.0359375 0.15390625
1 0.17109375 0.375 0.04140625 0.13359375
1 0.196875 0.34296875 0.04140625 0.15234375
1 0.37578125 0.76171875 0.0515625 0.19453125
1 0.28359375 0.88984375 0.0546875 0.1984375
1 0.27109375 0.725 0.0328125 0.1578125
1 0.3234375 0.7640625 0.04609375 0.1640625
1 0.78984375 0.13515625 0.06484375 0.20546875
1 0.94609375 0.0875 0.08828125 0.175
1 0.67734375 0.1796875 0.0578125 0.17734375
1 0.575 0.203125 0.0546875 0.23828125
1 0.4984375 0.6171875 0.0703125 0.2359375
1 0.459375 0.7859375 0.06953125 0.21171875