1 0.59140625 0.440625 0.12265625 0.4265625
1 0.7140625 0.47890625 0.11328125 0.425
1 0.82421875 0.525 0.14921875 0.446875
1 0.9609375 0.44921875 0.078125 0.365625
1 0.940625 0.8546875 0.11015625 0.290625
1 0.80234375 0.88828125 0.1171875 0.2234375
1 0.56171875 0.88203125 0.0890625 0.2359375
1 0.43984375 0.88046875 0.09375 0.2390625
1 0.325 0.8828125 0.11015625 0.234375
1 0.16875 0.92265625 0.14609375 0.1546875
1 0.06328125 0.953125 0.1265625 0.09296875
1 0.040625 0.69921875 0.08046875 0.4515625
1 0.39921875 0.553125 0.1140625 0.39609375