1 0.34296875 0.2171875 0.11015625 0.33671875
1 0.34296875 0.58203125 0.1 0.36640625
1 0.40546875 0.621875 0.08984375 0.35625
1 0.4671875 0.52265625 0.07890625 0.26015625
1 0.525 0.58203125 0.0734375 0.26015625
1 0.74453125 0.63515625 0.09765625 0.37109375
1 0.8078125 0.54765625 0.07578125 0.30703125
1 0.85703125 0.59453125 0.08203125 0.27734375
1 0.91171875 0.54921875 0.07734375 0.275
1 0.946875 0.590625 0.084375 0.28125
1 0.98203125 0.55546875 0.03515625 0.2921875
1 0.4796875 0.8578125 0.128125 0.284375
1 0.42265625 0.9 0.0859375 0.2
1 0.375 0.9515625 0.090625 0.096875
1 0.32890625 0.91015625 0.09765625 0.17890625
1 0.41484375 0.18515625 0.096875 0.3453125
1 0.46875 0.22734375 0.10234375 0.3390625
1 0.5234375 0.20234375 0.09375 0.3796875
1 0.5734375 0.22890625 0.0796875 0.334375
1 0.61328125 0.15703125 0.059375 0.240625
1 0.6578125 0.22265625 0.059375 0.25390625
1 0.7109375 0.20234375 0.08984375 0.35390625
1 0.86640625 0.20078125 0.08828125 0.3328125