1 0.0953125 0.11328125 0.1734375 0.15859375
1 0.225 0.10625 0.203125 0.19609375
1 0.35859375 0.10546875 0.15703125 0.15859375
1 0.5171875 0.10234375 0.15078125 0.15625
1 0.646875 0.08828125 0.14453125 0.1484375
1 0.775 0.0828125 0.14609375 0.15859375
1 0.90390625 0.08984375 0.1890625 0.1796875
1 0.92109375 0.25390625 0.1578125 0.12734375
1 0.79921875 0.25859375 0.13359375 0.1484375
1 0.65859375 0.26015625 0.15625 0.16015625
1 0.52578125 0.26640625 0.14921875 0.14453125
1 0.3890625 0.2671875 0.1609375 0.15390625
1 0.23984375 0.26953125 0.2109375 0.18203125
1 0.08671875 0.27578125 0.17265625 0.16640625
1 0.10234375 0.46484375 0.196875 0.184375
1 0.22265625 0.453125 0.18046875 0.17265625
1 0.378125 0.4390625 0.16796875 0.184375
1 0.503125 0.4484375 0.16015625 0.1640625
1 0.6296875 0.43359375 0.15078125 0.178125
1 0.7828125 0.43046875 0.15234375 0.171875
1 0.9078125 0.4484375 0.17890625 0.15625
1 0.2484375 0.62421875 0.190625 0.21875
1 0.51171875 0.596875 0.14921875 0.16015625
1 0.9046875 0.603125 0.14375 0.14453125
1 0.2734375 0.765625 0.22265625 0.1921875
1 0.246875 0.9171875 0.16015625 0.1484375
1 0.3875 0.915625 0.18359375 0.1359375
1 0.5 0.9296875 0.14609375 0.140625
1 0.60625 0.928125 0.15625 0.14296875