1 0.934375 0.16328125 0.10234375 0.22734375
1 0.86953125 0.159375 0.0921875 0.21875
1 0.81328125 0.15 0.09375 0.24609375
1 0.746875 0.16015625 0.10390625 0.25390625
1 0.66953125 0.165625 0.10703125 0.23984375
1 0.60390625 0.15546875 0.10390625 0.23984375
1 0.53046875 0.16171875 0.1109375 0.22265625
1 0.45625 0.159375 0.096875 0.21875
1 0.39140625 0.15390625 0.109375 0.22890625
1 0.31640625 0.16171875 0.09375 0.21015625
1 0.246875 0.15390625 0.0953125 0.2375
1 0.17890625 0.15390625 0.10234375 0.2125
1 0.1171875 0.16171875 0.08125 0.23125
1 0.046875 0.16796875 0.09296875 0.22265625
1 0.0625 0.4015625 0.08125 0.22890625
1 0.12578125 0.396875 0.07890625 0.20234375
1 0.18203125 0.40625 0.0859375 0.22109375
1 0.83203125 0.40390625 0.10234375 0.22890625
1 0.7671875 0.4015625 0.08828125 0.20859375
1 0.7078125 0.39765625 0.0765625 0.20390625
1 0.65078125 0.3984375 0.08125 0.20234375
1 0.58828125 0.4015625 0.08125 0.21640625
1 0.521875 0.4015625 0.07421875 0.22890625
1 0.45625 0.3921875 0.07109375 0.21484375
1 0.3765625 0.390625 0.08984375 0.21015625
1 0.31328125 0.39375 0.09140625 0.21640625
1 0.24140625 0.403125 0.084375 0.23125
1 0.8640625 0.63828125 0.08671875 0.22265625
1 0.79921875 0.634375 0.0765625 0.23515625
1 0.7453125 0.63828125 0.08359375 0.23125
1 0.67734375 0.64140625 0.0828125 0.225
1 0.6109375 0.646875 0.08359375 0.22265625
1 0.5421875 0.64453125 0.08515625 0.22734375
1 0.45703125 0.62890625 0.0953125 0.2
1 0.3953125 0.6328125 0.1015625 0.2375
1 0.33359375 0.6390625 0.09140625 0.22109375
1 0.24765625 0.64140625 0.09140625 0.22890625
1 0.18671875 0.6421875 0.078125 0.21484375
1 0.125 0.640625 0.09453125 0.23125
1 0.0578125 0.6375 0.10546875 0.20390625
1 0.85078125 0.87578125 0.08671875 0.21875
1 0.79296875 0.87265625 0.08515625 0.24609375
1 0.7140625 0.87578125 0.08671875 0.21484375
1 0.63984375 0.875 0.078125 0.21640625
1 0.5765625 0.86875 0.08125 0.20390625
1 0.51484375 0.86875 0.07109375 0.225
1 0.4421875 0.865625 0.08671875 0.21875
1 0.37109375 0.87265625 0.084375 0.21640625
1 0.3046875 0.8515625 0.08828125 0.20859375
1 0.240625 0.86015625 0.0796875 0.20390625
1 0.18984375 0.86328125 0.09296875 0.21875
1 0.1234375 0.86953125 0.07734375 0.22265625
1 0.0609375 0.871875 0.07578125 0.21484375