3 0.59921875 0.1140625 0.29140625 0.07890625
3 0.8265625 0.17265625 0.2734375 0.05234375
3 0.63125 0.2015625 0.2984375 0.09609375
3 0.81875 0.284375 0.228125 0.07421875
3 0.5375 0.2625 0.29453125 0.0984375
3 0.503125 0.2171875 0.3 0.06953125
3 0.284375 0.15 0.3375 0.06953125
3 0.1875 0.1953125 0.31953125 0.06484375
3 0.2484375 0.25078125 0.2359375 0.07890625
2 0.43828125 0.6828125 0.08671875 0.5078125
2 0.50703125 0.565625 0.10390625 0.4796875
2 0.36328125 0.509375 0.13125 0.51015625
3 0.2671875 0.71640625 0.06171875 0.484375
3 0.22578125 0.5046875 0.0515625 0.41015625
3 0.1875 0.53671875 0.02578125 0.44609375