3 0.3359375 0.934375 0.6 0.0765625
3 0.66953125 0.88203125 0.51171875 0.07421875
3 0.34375 0.8203125 0.23671875 0.06484375
3 0.121875 0.8140625 0.16640625 0.0984375
3 0.184375 0.71796875 0.31171875 0.12578125
3 0.2109375 0.64375 0.3 0.1390625
3 0.24921875 0.5796875 0.3734375 0.18203125
3 0.27890625 0.48046875 0.36875 0.2703125
3 0.29765625 0.40390625 0.29375 0.30625
3 0.34140625 0.28828125 0.2640625 0.36875
3 0.4 0.2296875 0.165625 0.3375
3 0.4703125 0.2265625 0.11875 0.4015625
3 0.56328125 0.2375 0.090625 0.41953125
3 0.63125 0.28046875 0.15625 0.41171875
3 0.69296875 0.29921875 0.16484375 0.3390625
3 0.73203125 0.33828125 0.22265625 0.34296875
3 0.77265625 0.40078125 0.22421875 0.25703125
3 0.72421875 0.54375 0.39453125 0.284375
3 0.79375 0.603125 0.31640625 0.1703125
3 0.8265625 0.671875 0.25546875 0.08828125
3 0.85 0.78203125 0.16796875 0.08203125
3 0.6203125 0.778125 0.2578125 0.0703125