4 0.546875 0.1015625 0.2671875 0.0859375
4 0.91015625 0.17890625 0.0515625 0.2703125
4 0.8734375 0.18359375 0.03671875 0.2875
4 0.840625 0.19609375 0.03984375 0.33125
4 0.78203125 0.2734375 0.0546875 0.21171875
4 0.74453125 0.33359375 0.04921875 0.2703125
4 0.7078125 0.2796875 0.03828125 0.27421875
4 0.671875 0.33046875 0.0453125 0.31796875
4 0.61484375 0.33359375 0.0484375 0.2359375
4 0.5671875 0.34296875 0.02578125 0.1640625
4 0.5359375 0.32578125 0.03203125 0.1484375
4 0.5171875 0.3234375 0.021875 0.16015625
4 0.5 0.31484375 0.02578125 0.16953125
4 0.48046875 0.38671875 0.0203125 0.17109375
4 0.4609375 0.35390625 0.02734375 0.17109375
4 0.44453125 0.33125 0.0203125 0.16015625
4 0.4234375 0.3015625 0.0375 0.146875
4 0.396875 0.3390625 0.0328125 0.22890625
4 0.37734375 0.33125 0.02890625 0.209375
4 0.35859375 0.3265625 0.02890625 0.15078125
4 0.34140625 0.32109375 0.02421875 0.15078125
4 0.32578125 0.296875 0.02734375 0.140625
4 0.3078125 0.31171875 0.02890625 0.15390625
4 0.2875 0.3046875 0.03125 0.16796875
4 0.27109375 0.3203125 0.0359375 0.190625
4 0.2515625 0.34921875 0.02890625 0.21484375
4 0.23359375 0.3140625 0.02890625 0.190625
4 0.21796875 0.3296875 0.02578125 0.209375
4 0.20078125 0.340625 0.0171875 0.2359375
4 0.18515625 0.3375 0.03046875 0.23203125
4 0.16796875 0.33203125 0.0375 0.16953125
4 0.1484375 0.33046875 0.02734375 0.21171875
4 0.13046875 0.33515625 0.02890625 0.225
4 0.11640625 0.33828125 0.02578125 0.18828125
4 0.096875 0.325 0.021875 0.20390625
4 0.078125 0.34296875 0.03046875 0.23984375
4 0.046875 0.3421875 0.02734375 0.17734375
4 0.07734375 0.60390625 0.0375 0.24765625
4 0.0421875 0.59921875 0.034375 0.234375
2 0.12109375 0.58515625 0.046875 0.21328125
2 0.17109375 0.59609375 0.053125 0.18671875
4 0.25234375 0.54609375 0.11015625 0.02890625
4 0.27109375 0.58515625 0.1328125 0.03828125
4 0.26640625 0.6296875 0.134375 0.04375
4 0.27578125 0.6796875 0.1703125 0.04921875
4 0.37265625 0.603125 0.04765625 0.2421875
4 0.409375 0.5828125 0.0359375 0.2015625
4 0.4421875 0.57265625 0.03203125 0.1921875
4 0.4765625 0.565625 0.02421875 0.17109375
4 0.515625 0.55703125 0.0328125 0.1734375
4 0.54921875 0.5625 0.0375 0.1578125
2 0.58359375 0.6828125 0.115625 0.0515625
4 0.15546875 0.14921875 0.0328125 0.12734375
4 0.13359375 0.13203125 0.02890625 0.146875
4 0.1 0.09921875 0.0328125 0.1640625
4 0.11796875 0.1140625 0.02734375 0.1484375
4 0.078125 0.09140625 0.0359375 0.1828125
1 0.88203125 0.58203125 0.06328125 0.29921875
1 0.83359375 0.58125 0.07890625 0.30078125
1 0.9171875 0.6078125 0.06328125 0.23203125
2 0.5734375 0.02734375 0.296875 0.0546875
3 0.13359375 0.77890625 0.034375 0.18671875
3 0.17109375 0.81875 0.02421875 0.209375
3 0.1890625 0.80546875 0.03125 0.17890625
3 0.22109375 0.834375 0.03046875 0.24375
3 0.259375 0.80859375 0.02578125 0.18828125
3 0.2734375 0.81171875 0.0203125 0.1640625
3 0.28984375 0.8 0.01875 0.1484375
3 0.30625 0.8078125 0.02265625 0.16015625
3 0.3265625 0.8 0.03046875 0.17890625
3 0.34375 0.79609375 0.021875 0.13359375
2 0.37734375 0.81640625 0.04296875 0.16953125
3 0.4140625 0.809375 0.03046875 0.09921875
3 0.44765625 0.82265625 0.0375 0.2515625
3 0.4828125 0.796875 0.0359375 0.18125
3 0.51640625 0.8078125 0.034375 0.1984375
2 0.72109375 0.809375 0.05625 0.1140625
2 0.6515625 0.77890625 0.071875 0.1640625
2 0.77265625 0.79296875 0.0359375 0.1578125
3 0.88671875 0.8046875 0.04765625 0.13125