4 0.76171875 0.5140625 0.33984375 0.1984375
4 0.68359375 0.14609375 0.24921875 0.1890625
4 0.5484375 0.05078125 0.20390625 0.1015625
4 0.6640625 0.03828125 0.04765625 0.0765625
4 0.6984375 0.0296875 0.04140625 0.059375
4 0.81171875 0.153125 0.19765625 0.153125
4 0.8390625 0.359375 0.1453125 0.2671875
4 0.6484375 0.30390625 0.15546875 0.33203125
4 0.9078125 0.89609375 0.1234375 0.20703125
4 0.76640625 0.2953125 0.19140625 0.16640625
4 0.88671875 0.03359375 0.2265625 0.0671875
4 0.9390625 0.15859375 0.0765625 0.103125
4 0.959375 0.4484375 0.08125 0.0875
3 0.38203125 0.58984375 0.1171875 0.55390625
3 0.82734375 0.85390625 0.07421875 0.29140625
3 0.51953125 0.61875 0.11328125 0.38203125
3 0.12109375 0.84609375 0.2421875 0.0828125
3 0.1890625 0.39375 0.37734375 0.3625
3 0.1671875 0.253125 0.23828125 0.2421875
3 0.5015625 0.2625 0.1796875 0.1890625
3 0.77109375 0.82109375 0.2359375 0.19453125
3 0.64765625 0.66875 0.26015625 0.11484375