3 0.10625 0.6515625 0.08671875 0.5359375
3 0.1609375 0.66875 0.071875 0.5078125
3 0.209375 0.68671875 0.07265625 0.4625
3 0.26015625 0.703125 0.0609375 0.42109375
3 0.30625 0.69140625 0.05859375 0.48046875
3 0.3671875 0.68515625 0.05546875 0.45703125
3 0.42109375 0.68515625 0.0609375 0.45390625
3 0.4796875 0.6859375 0.071875 0.440625
3 0.5375 0.684375 0.06015625 0.45234375
3 0.59765625 0.6890625 0.0703125 0.45234375
3 0.6484375 0.7484375 0.0609375 0.33046875
3 0.69140625 0.73046875 0.05546875 0.36640625
3 0.74296875 0.7078125 0.0390625 0.41796875
3 0.796875 0.684375 0.04296875 0.45859375
3 0.84375 0.665625 0.053125 0.4921875
3 0.9078125 0.65078125 0.07421875 0.53125