4 0.8015625 0.465625 0.31640625 0.39453125
4 0.72109375 0.50546875 0.4953125 0.4828125
2 0.56640625 0.53203125 0.1984375 0.36484375
3 0.49296875 0.5171875 0.196875 0.5015625
3 0.40546875 0.53203125 0.16953125 0.50625
3 0.44921875 0.56015625 0.134375 0.45078125
3 0.3578125 0.53828125 0.1625 0.48046875
3 0.309375 0.53828125 0.14375 0.4890625
3 0.2859375 0.60234375 0.096875 0.38203125
3 0.2125 0.46875 0.10703125 0.30234375
3 0.17109375 0.56484375 0.20703125 0.57734375
3 0.109375 0.54453125 0.13671875 0.51484375
3 0.07109375 0.63828125 0.0671875 0.28984375