3 0.45546875 0.86484375 0.8953125 0.08828125
3 0.5390625 0.80703125 0.878125 0.06796875
3 0.31796875 0.7546875 0.27890625 0.05
3 0.6109375 0.753125 0.303125 0.05625
3 0.8796875 0.69765625 0.19453125 0.06875
3 0.78828125 0.640625 0.34765625 0.1984375
3 0.80078125 0.55703125 0.3515625 0.25625
3 0.75390625 0.50625 0.41640625 0.4046875
3 0.73828125 0.4203125 0.434375 0.49140625
3 0.6671875 0.38984375 0.28125 0.43203125
3 0.61640625 0.33125 0.14765625 0.29375
3 0.51875 0.35546875 0.06640625 0.33984375
3 0.40859375 0.3484375 0.18359375 0.33515625
3 0.34296875 0.38828125 0.2765625 0.453125
3 0.2890625 0.4171875 0.40390625 0.51875
3 0.2546875 0.4734375 0.43203125 0.4796875
3 0.1765625 0.4921875 0.296875 0.2515625
3 0.19453125 0.5671875 0.353125 0.23125
3 0.2078125 0.653125 0.35546875 0.16796875
3 0.1453125 0.7078125 0.2453125 0.071875