4 0.475 0.34375 0.38203125 0.16328125
4 0.85546875 0.528125 0.278125 0.1109375
4 0.86171875 0.6171875 0.2765625 0.1203125
4 0.609375 0.15546875 0.31875 0.12421875
4 0.79765625 0.215625 0.28828125 0.1078125
4 0.81484375 0.2828125 0.3 0.115625
4 0.55625 0.60625 0.34375 0.165625
4 0.53671875 0.51953125 0.32890625 0.1140625
4 0.2640625 0.1671875 0.3546875 0.1453125
4 0.18203125 0.278125 0.2234375 0.084375
4 0.171875 0.32890625 0.22734375 0.09765625
4 0.32109375 0.2125 0.20078125 0.10234375
4 0.534375 0.25 0.2328125 0.10234375
4 0.16953125 0.43203125 0.33203125 0.13203125
4 0.2203125 0.52578125 0.32890625 0.12421875
4 0.559375 0.72578125 0.334375 0.121875
4 0.52734375 0.90859375 0.3390625 0.12890625
4 0.740625 0.859375 0.43203125 0.18359375